0.015000 0.000000
0.015000 0.000000
0.015000 0.000000
0.014600 0.000000
0.014500 0.000000
0.014600 0.000000
0.015000 0.000000
0.015000 0.000000
0.015000 0.000000
0.015000 0.000000
0.015000 0.000000
0.015100 0.000000
0.015200 0.000000
0.015100 0.000000
0.015000 0.000000
0.015000 0.000000
0.015000 0.000000
0.015000 0.000000
0.015000 0.000000
0.014600 0.000000
0.014500 0.000000
0.014600 0.000000
0.015000 0.000000
0.015000 0.000000
0.015000 0.000000
0.015000 0.000000
0.015000 0.000000
0.015100 0.000000
0.015200 0.000000
0.015100 0.000000
0.015000 0.000000
0.015000 0.000000
0.015000 0.000000
0.014700 0.000000
0.013800 0.000000
0.012500 0.000000
0.011800 0.000000
0.012500 0.000000
0.013800 0.000000
0.014700 0.000000
0.015000 0.000000
0.015100 0.000000
0.015400 0.000000
0.015800 0.000000
0.016100 0.000000
0.015800 0.000000
0.015400 0.000000
0.015100 0.000000
0.015000 0.000000
0.014700 0.000000
0.013800 0.000000
0.012500 0.000000
0.011800 0.000000
0.012500 0.000000
0.013800 0.000000
0.014700 0.000000
0.015000 0.000000
0.015100 0.000000
0.015400 0.000000
0.015800 0.000000
0.016100 0.000000
0.015800 0.000000
0.015400 0.000000
0.015100 0.000000
0.015000 0.000000
0.013800 0.000000
0.010900 0.000000
-0.008600 0.000000
-0.011000 0.000000
-0.008600 0.000000
0.010900 0.000000
0.013800 0.000000
0.015000 0.000000
0.015400 0.000000
0.016400 0.000000
0.017900 0.000000
0.018700 0.000000
0.017900 0.000000
0.016400 0.000000
0.015400 0.000000
0.015000 0.000000
0.013800 0.000000
0.010900 0.000000
-0.008600 0.000000
-0.011000 0.000000
-0.008600 0.000000
0.010900 0.000000
0.013800 0.000000
0.015000 0.000000
0.015400 0.000000
0.016400 0.000000
0.017900 0.000000
0.018700 0.000000
0.017900 0.000000
0.016400 0.000000
0.015400 0.000000
0.014600 0.000000
0.012500 0.000000
-0.008600 0.000000
-0.018200 0.000000
-0.023400 0.000000
-0.018200 0.000000
-0.008600 0.000000
0.012500 0.000000
0.014700 0.000000
0.015800 0.000000
0.017900 0.000000
0.021100 0.000000
0.022800 0.000000
0.021100 0.000000
0.017900 0.000000
0.015800 0.000000
0.014700 0.000000
0.012500 0.000000
-0.008600 0.000000
-0.018200 0.000000
-0.023400 0.000000
-0.018200 0.000000
-0.008600 0.000000
0.012500 0.000000
0.014700 0.000000
0.015800 0.000000
0.017900 0.000000
0.021100 0.000000
0.022800 0.000000
0.021100 0.000000
0.017900 0.000000
0.015800 0.000000
0.014500 0.000000
0.011800 0.000000
-0.011000 0.000000
-0.023400 0.000000
-0.030000 0.000000
-0.023400 0.000000
-0.011000 0.000000
0.011800 0.000000
0.014600 0.000000
0.016100 0.000000
0.018700 0.000000
0.022800 0.000000
0.025000 0.000000
0.022800 0.000000
0.018700 0.000000
0.016100 0.000000
0.014600 0.000000
0.011800 0.000000
-0.011000 0.000000
-0.023400 0.000000
-0.030000 0.000000
-0.023400 0.000000
-0.011000 0.000000
0.011800 0.000000
0.014600 0.000000
0.016100 0.000000
0.018700 0.000000
0.022800 0.000000
0.025000 0.000000
0.022800 0.000000
0.018700 0.000000
0.016100 0.000000
0.014600 0.000000
0.012500 0.000000
-0.008600 0.000000
-0.018200 0.000000
-0.023400 0.000000
-0.018200 0.000000
-0.008600 0.000000
0.012500 0.000000
0.014700 0.000000
0.015800 0.000000
0.017900 0.000000
0.021100 0.000000
0.022800 0.000000
0.021100 0.000000
0.017900 0.000000
0.015800 0.000000
0.014700 0.000000
0.012500 0.000000
-0.008600 0.000000
-0.018200 0.000000
-0.023400 0.000000
-0.018200 0.000000
-0.008600 0.000000
0.012500 0.000000
0.014700 0.000000
0.015800 0.000000
0.017900 0.000000
0.021100 0.000000
0.022800 0.000000
0.021100 0.000000
0.017900 0.000000
0.015800 0.000000
0.015000 0.000000
0.013800 0.000000
0.010900 0.000000
-0.008600 0.000000
-0.011000 0.000000
-0.008600 0.000000
0.010900 0.000000
0.013800 0.000000
0.015000 0.000000
0.015400 0.000000
0.016400 0.000000
0.017900 0.000000
0.018700 0.000000
0.017900 0.000000
0.016400 0.000000
0.015400 0.000000
0.015000 0.000000
0.013800 0.000000
0.010900 0.000000
-0.008600 0.000000
-0.011000 0.000000
-0.008600 0.000000
0.010900 0.000000
0.013800 0.000000
0.015000 0.000000
0.015400 0.000000
0.016400 0.000000
0.017900 0.000000
0.018700 0.000000
0.017900 0.000000
0.016400 0.000000
0.015400 0.000000
0.015000 0.000000
0.014700 0.000000
0.013800 0.000000
0.012500 0.000000
0.011800 0.000000
0.012500 0.000000
0.013800 0.000000
0.014700 0.000000
0.015000 0.000000
0.015100 0.000000
0.015400 0.000000
0.015800 0.000000
0.016100 0.000000
0.015800 0.000000
0.015400 0.000000
0.015100 0.000000
0.015000 0.000000
0.014700 0.000000
0.013800 0.000000
0.012500 0.000000
0.011800 0.000000
0.012500 0.000000
0.013800 0.000000
0.014700 0.000000
0.015000 0.000000
0.015100 0.000000
0.015400 0.000000
0.015800 0.000000
0.016100 0.000000
0.015800 0.000000
0.015400 0.000000
0.015100 0.000000
0.015000 0.000000
0.015000 0.000000
0.015000 0.000000
0.014700 0.000000
0.014600 0.000000
0.014700 0.000000
0.015000 0.000000
0.015000 0.000000
0.015000 0.000000
0.015000 0.000000
0.015000 0.000000
0.014700 0.000000
0.014600 0.000000
0.014700 0.000000
0.015000 0.000000
0.015000 0.000000
0.015000 0.000000
0.015000 0.000000
0.015000 0.000000
0.014700 0.000000
0.014600 0.000000
0.014700 0.000000
0.015000 0.000000
0.015000 0.000000
0.015000 0.000000
0.015000 0.000000
0.015000 0.000000
0.014700 0.000000
0.014600 0.000000
0.014700 0.000000
0.015000 0.000000
0.015000 0.000000
0.015000 0.000000
0.015100 0.000000
0.015400 0.000000
0.015800 0.000000
0.016100 0.000000
0.015800 0.000000
0.015400 0.000000
0.015100 0.000000
0.015000 0.000000
0.014700 0.000000
0.013800 0.000000
0.012500 0.000000
0.011800 0.000000
0.012500 0.000000
0.013800 0.000000
0.014700 0.000000
0.015000 0.000000
0.015100 0.000000
0.015400 0.000000
0.015800 0.000000
0.016100 0.000000
0.015800 0.000000
0.015400 0.000000
0.015100 0.000000
0.015000 0.000000
0.014700 0.000000
0.013800 0.000000
0.012500 0.000000
0.011800 0.000000
0.012500 0.000000
0.013800 0.000000
0.014700 0.000000
0.015000 0.000000
0.015400 0.000000
0.016400 0.000000
0.017900 0.000000
0.018700 0.000000
0.017900 0.000000
0.016400 0.000000
0.015400 0.000000
0.015000 0.000000
0.013800 0.000000
0.010900 0.000000
-0.008600 0.000000
-0.011000 0.000000
-0.008600 0.000000
0.010900 0.000000
0.013800 0.000000
0.015000 0.000000
0.015400 0.000000
0.016400 0.000000
0.017900 0.000000
0.018700 0.000000
0.017900 0.000000
0.016400 0.000000
0.015400 0.000000
0.015000 0.000000
0.013800 0.000000
0.010900 0.000000
-0.008600 0.000000
-0.011000 0.000000
-0.008600 0.000000
0.010900 0.000000
0.013800 0.000000
0.015100 0.000000
0.015800 0.000000
0.017900 0.000000
0.021100 0.000000
0.022800 0.000000
0.021100 0.000000
0.017900 0.000000
0.015800 0.000000
0.014700 0.000000
0.012500 0.000000
-0.008600 0.000000
-0.018200 0.000000
-0.023400 0.000000
-0.018200 0.000000
-0.008600 0.000000
0.012500 0.000000
0.014700 0.000000
0.015800 0.000000
0.017900 0.000000
0.021100 0.000000
0.022800 0.000000
0.021100 0.000000
0.017900 0.000000
0.015800 0.000000
0.014700 0.000000
0.012500 0.000000
-0.008600 0.000000
-0.018200 0.000000
-0.023400 0.000000
-0.018200 0.000000
-0.008600 0.000000
0.012500 0.000000
0.015200 0.000000
0.016100 0.000000
0.018700 0.000000
0.022800 0.000000
0.025000 0.000000
0.022800 0.000000
0.018700 0.000000
0.016100 0.000000
0.014600 0.000000
0.011800 0.000000
-0.011000 0.000000
-0.023400 0.000000
-0.030000 0.000000
-0.023400 0.000000
-0.011000 0.000000
0.011800 0.000000
0.014600 0.000000
0.016100 0.000000
0.018700 0.000000
0.022800 0.000000
0.025000 0.000000
0.022800 0.000000
0.018700 0.000000
0.016100 0.000000
0.014600 0.000000
0.011800 0.000000
-0.011000 0.000000
-0.023400 0.000000
-0.030000 0.000000
-0.023400 0.000000
-0.011000 0.000000
0.011800 0.000000
0.015100 0.000000
0.015800 0.000000
0.017900 0.000000
0.021100 0.000000
0.022800 0.000000
0.021100 0.000000
0.017900 0.000000
0.015800 0.000000
0.014700 0.000000
0.012500 0.000000
-0.008600 0.000000
-0.018200 0.000000
-0.023400 0.000000
-0.018200 0.000000
-0.008600 0.000000
0.012500 0.000000
0.014700 0.000000
0.015800 0.000000
0.017900 0.000000
0.021100 0.000000
0.022800 0.000000
0.021100 0.000000
0.017900 0.000000
0.015800 0.000000
0.014700 0.000000
0.012500 0.000000
-0.008600 0.000000
-0.018200 0.000000
-0.023400 0.000000
-0.018200 0.000000
-0.008600 0.000000
0.012500 0.000000
0.015000 0.000000
0.015400 0.000000
0.016400 0.000000
0.017900 0.000000
0.018700 0.000000
0.017900 0.000000
0.016400 0.000000
0.015400 0.000000
0.015000 0.000000
0.013800 0.000000
0.010900 0.000000
-0.008600 0.000000
-0.011000 0.000000
-0.008600 0.000000
0.010900 0.000000
0.013800 0.000000
0.015000 0.000000
0.015400 0.000000
0.016400 0.000000
0.017900 0.000000
0.018700 0.000000
0.017900 0.000000
0.016400 0.000000
0.015400 0.000000
0.015000 0.000000
0.013800 0.000000
0.010900 0.000000
-0.008600 0.000000
-0.011000 0.000000
-0.008600 0.000000
0.010900 0.000000
0.013800 0.000000
0.015000 0.000000
0.015100 0.000000
0.015400 0.000000
0.015800 0.000000
0.016100 0.000000
0.015800 0.000000
0.015400 0.000000
0.015100 0.000000
0.015000 0.000000
0.014700 0.000000
0.013800 0.000000
0.012500 0.000000
0.011800 0.000000
0.012500 0.000000
0.013800 0.000000
0.014700 0.000000
0.015000 0.000000
0.015100 0.000000
0.015400 0.000000
0.015800 0.000000
0.016100 0.000000
0.015800 0.000000
0.015400 0.000000
0.015100 0.000000
0.015000 0.000000
0.014700 0.000000
0.013800 0.000000
0.012500 0.000000
0.011800 0.000000
0.012500 0.000000
0.013800 0.000000
0.014700 0.000000
0.015000 0.000000
0.015000 0.000000
0.015000 0.000000
0.014700 0.000000
0.014600 0.000000
0.014700 0.000000
0.015000 0.000000
0.015000 0.000000
0.015000 0.000000
0.015000 0.000000
0.015000 0.000000
0.014700 0.000000
0.014600 0.000000
0.014700 0.000000
0.015000 0.000000
0.015000 0.000000
0.015000 0.000000
0.015000 0.000000
0.015000 0.000000
0.014700 0.000000
0.014600 0.000000
0.014700 0.000000
0.015000 0.000000
0.015000 0.000000
0.015000 0.000000
0.015000 0.000000
0.015000 0.000000
0.014700 0.000000
0.014600 0.000000
0.014700 0.000000
0.015000 0.000000
0.015000 0.000000
0.015000 0.000000
0.014700 0.000000
0.013800 0.000000
0.012500 0.000000
0.011800 0.000000
0.012500 0.000000
0.013800 0.000000
0.014700 0.000000
0.015000 0.000000
0.015100 0.000000
0.015400 0.000000
0.015800 0.000000
0.016100 0.000000
0.015800 0.000000
0.015400 0.000000
0.015100 0.000000
0.015000 0.000000
0.014700 0.000000
0.013800 0.000000
0.012500 0.000000
0.011800 0.000000
0.012500 0.000000
0.013800 0.000000
0.014700 0.000000
0.015000 0.000000
0.015100 0.000000
0.015400 0.000000
0.015800 0.000000
0.016100 0.000000
0.015800 0.000000
0.015400 0.000000
0.015100 0.000000
0.015000 0.000000
0.013800 0.000000
0.010900 0.000000
-0.008600 0.000000
-0.011000 0.000000
-0.008600 0.000000
0.010900 0.000000
0.013800 0.000000
0.015000 0.000000
0.015400 0.000000
0.016400 0.000000
0.017900 0.000000
0.018700 0.000000
0.017900 0.000000
0.016400 0.000000
0.015400 0.000000
0.015000 0.000000
0.013800 0.000000
0.010900 0.000000
-0.008600 0.000000
-0.011000 0.000000
-0.008600 0.000000
0.010900 0.000000
0.013800 0.000000
0.015000 0.000000
0.015400 0.000000
0.016400 0.000000
0.017900 0.000000
0.018700 0.000000
0.017900 0.000000
0.016400 0.000000
0.015400 0.000000
0.014600 0.000000
0.012500 0.000000
-0.008600 0.000000
-0.018200 0.000000
-0.023400 0.000000
-0.018200 0.000000
-0.008600 0.000000
0.012500 0.000000
0.014700 0.000000
0.015800 0.000000
0.017900 0.000000
0.021100 0.000000
0.022800 0.000000
0.021100 0.000000
0.017900 0.000000
0.015800 0.000000
0.014700 0.000000
0.012500 0.000000
-0.008600 0.000000
-0.018200 0.000000
-0.023400 0.000000
-0.018200 0.000000
-0.008600 0.000000
0.012500 0.000000
0.014700 0.000000
0.015800 0.000000
0.017900 0.000000
0.021100 0.000000
0.022800 0.000000
0.021100 0.000000
0.017900 0.000000
0.015800 0.000000
0.014500 0.000000
0.011800 0.000000
-0.011000 0.000000
-0.023400 0.000000
-0.030000 0.000000
-0.023400 0.000000
-0.011000 0.000000
0.011800 0.000000
0.014600 0.000000
0.016100 0.000000
0.018700 0.000000
0.022800 0.000000
0.025000 0.000000
0.022800 0.000000
0.018700 0.000000
0.016100 0.000000
0.014600 0.000000
0.011800 0.000000
-0.011000 0.000000
-0.023400 0.000000
-0.030000 0.000000
-0.023400 0.000000
-0.011000 0.000000
0.011800 0.000000
0.014600 0.000000
0.016100 0.000000
0.018700 0.000000
0.022800 0.000000
0.025000 0.000000
0.022800 0.000000
0.018700 0.000000
0.016100 0.000000
0.014600 0.000000
0.012500 0.000000
-0.008600 0.000000
-0.018200 0.000000
-0.023400 0.000000
-0.018200 0.000000
-0.008600 0.000000
0.012500 0.000000
0.014700 0.000000
0.015800 0.000000
0.017900 0.000000
0.021100 0.000000
0.022800 0.000000
0.021100 0.000000
0.017900 0.000000
0.015800 0.000000
0.014700 0.000000
0.012500 0.000000
-0.008600 0.000000
-0.018200 0.000000
-0.023400 0.000000
-0.018200 0.000000
-0.008600 0.000000
0.012500 0.000000
0.014700 0.000000
0.015800 0.000000
0.017900 0.000000
0.021100 0.000000
0.022800 0.000000
0.021100 0.000000
0.017900 0.000000
0.015800 0.000000
0.015000 0.000000
0.013800 0.000000
0.010900 0.000000
-0.008600 0.000000
-0.011000 0.000000
-0.008600 0.000000
0.010900 0.000000
0.013800 0.000000
0.015000 0.000000
0.015400 0.000000
0.016400 0.000000
0.017900 0.000000
0.018700 0.000000
0.017900 0.000000
0.016400 0.000000
0.015400 0.000000
0.015000 0.000000
0.013800 0.000000
0.010900 0.000000
-0.008600 0.000000
-0.011000 0.000000
-0.008600 0.000000
0.010900 0.000000
0.013800 0.000000
0.015000 0.000000
0.015400 0.000000
0.016400 0.000000
0.017900 0.000000
0.018700 0.000000
0.017900 0.000000
0.016400 0.000000
0.015400 0.000000
0.015000 0.000000
0.014700 0.000000
0.013800 0.000000
0.012500 0.000000
0.011800 0.000000
0.012500 0.000000
0.013800 0.000000
0.014700 0.000000
0.015000 0.000000
0.015100 0.000000
0.015400 0.000000
0.015800 0.000000
0.016100 0.000000
0.015800 0.000000
0.015400 0.000000
0.015100 0.000000
0.015000 0.000000
0.014700 0.000000
0.013800 0.000000
0.012500 0.000000
0.011800 0.000000
0.012500 0.000000
0.013800 0.000000
0.014700 0.000000
0.015000 0.000000
0.015100 0.000000
0.015400 0.000000
0.015800 0.000000
0.016100 0.000000
0.015800 0.000000
0.015400 0.000000
0.015100 0.000000
0.015000 0.000000
0.015000 0.000000
0.015000 0.000000
0.014700 0.000000
0.014600 0.000000
0.014700 0.000000
0.015000 0.000000
0.015000 0.000000
0.015000 0.000000
0.015000 0.000000
0.015000 0.000000
0.014700 0.000000
0.014600 0.000000
0.014700 0.000000
0.015000 0.000000
0.015000 0.000000
0.015000 0.000000
0.015000 0.000000
0.015000 0.000000
0.014700 0.000000
0.014600 0.000000
0.014700 0.000000
0.015000 0.000000
0.015000 0.000000
0.015000 0.000000
0.015000 0.000000
0.015000 0.000000
0.014700 0.000000
0.014600 0.000000
0.014700 0.000000
0.015000 0.000000
0.015000 0.000000
0.015000 0.000000
0.015100 0.000000
0.015400 0.000000
0.015800 0.000000
0.016100 0.000000
0.015800 0.000000
0.015400 0.000000
0.015100 0.000000
0.015000 0.000000
0.014700 0.000000
0.013800 0.000000
0.012500 0.000000
0.011800 0.000000
0.012500 0.000000
0.013800 0.000000
0.014700 0.000000
0.015000 0.000000
0.015100 0.000000
0.015400 0.000000
0.015800 0.000000
0.016100 0.000000
0.015800 0.000000
0.015400 0.000000
0.015100 0.000000
0.015000 0.000000
0.014700 0.000000
0.013800 0.000000
0.012500 0.000000
0.011800 0.000000
0.012500 0.000000
0.013800 0.000000
0.014700 0.000000
0.015000 0.000000
0.015400 0.000000
0.016400 0.000000
0.017900 0.000000
0.018700 0.000000
0.017900 0.000000
0.016400 0.000000
0.015400 0.000000
0.015000 0.000000
0.013800 0.000000
0.010900 0.000000
-0.008600 0.000000
-0.011000 0.000000
-0.008600 0.000000
0.010900 0.000000
0.013800 0.000000
0.015000 0.000000
0.015400 0.000000
0.016400 0.000000
0.017900 0.000000
0.018700 0.000000
0.017900 0.000000
0.016400 0.000000
0.015400 0.000000
0.015000 0.000000
0.013800 0.000000
0.010900 0.000000
-0.008600 0.000000
-0.011000 0.000000
-0.008600 0.000000
0.010900 0.000000
0.013800 0.000000
0.015100 0.000000
0.015800 0.000000
0.017900 0.000000
0.021100 0.000000
0.022800 0.000000
0.021100 0.000000
0.017900 0.000000
0.015800 0.000000
0.014700 0.000000
0.012500 0.000000
-0.008600 0.000000
-0.018200 0.000000
-0.023400 0.000000
-0.018200 0.000000
-0.008600 0.000000
0.012500 0.000000
0.014700 0.000000
0.015800 0.000000
0.017900 0.000000
0.021100 0.000000
0.022800 0.000000
0.021100 0.000000
0.017900 0.000000
0.015800 0.000000
0.014700 0.000000
0.012500 0.000000
-0.008600 0.000000
-0.018200 0.000000
-0.023400 0.000000
-0.018200 0.000000
-0.008600 0.000000
0.012500 0.000000
0.015200 0.000000
0.016100 0.000000
0.018700 0.000000
0.022800 0.000000
0.025000 0.000000
0.022800 0.000000
0.018700 0.000000
0.016100 0.000000
0.014600 0.000000
0.011800 0.000000
-0.011000 0.000000
-0.023400 0.000000
-0.030000 0.000000
-0.023400 0.000000
-0.011000 0.000000
0.011800 0.000000
0.014600 0.000000
0.016100 0.000000
0.018700 0.000000
0.022800 0.000000
0.025000 0.000000
0.022800 0.000000
0.018700 0.000000
0.016100 0.000000
0.014600 0.000000
0.011800 0.000000
-0.011000 0.000000
-0.023400 0.000000
-0.030000 0.000000
-0.023400 0.000000
-0.011000 0.000000
0.011800 0.000000
0.015100 0.000000
0.015800 0.000000
0.017900 0.000000
0.021100 0.000000
0.022800 0.000000
0.021100 0.000000
0.017900 0.000000
0.015800 0.000000
0.014700 0.000000
0.012500 0.000000
-0.008600 0.000000
-0.018200 0.000000
-0.023400 0.000000
-0.018200 0.000000
-0.008600 0.000000
0.012500 0.000000
0.014700 0.000000
0.015800 0.000000
0.017900 0.000000
0.021100 0.000000
0.022800 0.000000
0.021100 0.000000
0.017900 0.000000
0.015800 0.000000
0.014700 0.000000
0.012500 0.000000
-0.008600 0.000000
-0.018200 0.000000
-0.023400 0.000000
-0.018200 0.000000
-0.008600 0.000000
0.012500 0.000000
0.015000 0.000000
0.015400 0.000000
0.016400 0.000000
0.017900 0.000000
0.018700 0.000000
0.017900 0.000000
0.016400 0.000000
0.015400 0.000000
0.015000 0.000000
0.013800 0.000000
0.010900 0.000000
-0.008600 0.000000
-0.011000 0.000000
-0.008600 0.000000
0.010900 0.000000
0.013800 0.000000
0.015000 0.000000
0.015400 0.000000
0.016400 0.000000
0.017900 0.000000
0.018700 0.000000
0.017900 0.000000
0.016400 0.000000
0.015400 0.000000
0.015000 0.000000
0.013800 0.000000
0.010900 0.000000
-0.008600 0.000000
-0.011000 0.000000
-0.008600 0.000000
0.010900 0.000000
0.013800 0.000000
0.015000 0.000000
0.015100 0.000000
0.015400 0.000000
0.015800 0.000000
0.016100 0.000000
0.015800 0.000000
0.015400 0.000000
0.015100 0.000000
0.015000 0.000000
0.014700 0.000000
0.013800 0.000000
0.012500 0.000000
0.011800 0.000000
0.012500 0.000000
0.013800 0.000000
0.014700 0.000000
0.015000 0.000000
0.015100 0.000000
0.015400 0.000000
0.015800 0.000000
0.016100 0.000000
0.015800 0.000000
0.015400 0.000000
0.015100 0.000000
0.015000 0.000000
0.014700 0.000000
0.013800 0.000000
0.012500 0.000000
0.011800 0.000000
0.012500 0.000000
0.013800 0.000000
0.014700 0.000000
