-0.009107 0.000000
-0.012211 0.000000
-0.010896 0.000000
-0.005689 0.000000
-0.001958 0.000000
-0.004314 0.000000
-0.009864 0.000000
-0.009701 0.000000
-0.005593 0.000000
-0.003704 0.000000
-0.004349 0.000000
-0.008451 0.000000
-0.010712 0.000000
-0.006609 0.000000
0.002745 0.000000
0.007928 0.000000
0.006755 0.000000
0.008460 0.000000
0.015690 0.000000
0.020201 0.000000
0.017443 0.000000
0.011451 0.000000
0.008567 0.000000
0.009029 0.000000
0.008480 0.000000
0.011259 0.000000
0.016275 0.000000
0.020798 0.000000
0.022486 0.000000
0.015918 0.000000
0.004895 0.000000
-0.003318 0.000000
-0.007500 0.000000
-0.012883 0.000000
-0.013325 0.000000
-0.010380 0.000000
-0.009053 0.000000
-0.009661 0.000000
-0.008721 0.000000
-0.004928 0.000000
-0.001142 0.000000
0.001192 0.000000
0.000888 0.000000
-0.003621 0.000000
-0.007640 0.000000
-0.006639 0.000000
-0.001262 0.000000
0.002434 0.000000
0.001091 0.000000
0.002081 0.000000
0.008603 0.000000
0.012826 0.000000
0.008290 0.000000
0.000037 0.000000
-0.002214 0.000000
0.002134 0.000000
0.005983 0.000000
0.010639 0.000000
0.014167 0.000000
0.018133 0.000000
0.021956 0.000000
0.020387 0.000000
0.013040 0.000000
0.002507 0.000000
-0.007563 0.000000
-0.014392 0.000000
-0.015854 0.000000
-0.013028 0.000000
-0.010921 0.000000
-0.009704 0.000000
-0.005845 0.000000
-0.000833 0.000000
0.003317 0.000000
0.006275 0.000000
0.006861 0.000000
0.003381 0.000000
-0.001465 0.000000
-0.004869 0.000000
-0.004619 0.000000
-0.002899 0.000000
-0.004611 0.000000
-0.004612 0.000000
-0.000992 0.000000
0.000978 0.000000
-0.003511 0.000000
-0.009257 0.000000
-0.007255 0.000000
0.000400 0.000000
0.005888 0.000000
0.007941 0.000000
0.008294 0.000000
0.012686 0.000000
0.017517 0.000000
0.017144 0.000000
0.012285 0.000000
0.003137 0.000000
-0.013132 0.000000
-0.016748 0.000000
-0.015607 0.000000
-0.011352 0.000000
-0.008479 0.000000
-0.007281 0.000000
-0.003521 0.000000
0.003064 0.000000
0.009318 0.000000
0.011226 0.000000
0.008403 0.000000
0.004402 0.000000
0.000175 0.000000
-0.004053 0.000000
-0.005617 0.000000
-0.005277 0.000000
-0.007099 0.000000
-0.008098 0.000000
-0.006465 0.000000
-0.006136 0.000000
-0.009937 0.000000
-0.011530 0.000000
-0.005671 0.000000
0.001748 0.000000
0.004632 0.000000
0.001941 0.000000
0.000667 0.000000
0.007158 0.000000
0.012243 0.000000
0.009134 0.000000
0.003448 0.000000
-0.004688 0.000000
-0.018796 0.000000
-0.017868 0.000000
-0.014082 0.000000
-0.009446 0.000000
-0.006911 0.000000
-0.004876 0.000000
-0.000203 0.000000
0.008299 0.000000
0.014927 0.000000
0.012687 0.000000
0.004729 0.000000
0.000204 0.000000
-0.002160 0.000000
-0.005755 0.000000
-0.007632 0.000000
-0.006950 0.000000
-0.008396 0.000000
-0.008896 0.000000
-0.006069 0.000000
-0.005121 0.000000
-0.006617 0.000000
-0.004610 0.000000
0.001038 0.000000
0.004136 0.000000
0.003744 0.000000
-0.000421 0.000000
-0.002475 0.000000
0.002133 0.000000
0.005714 0.000000
0.001171 0.000000
-0.006199 0.000000
-0.014102 0.000000
-0.018351 0.000000
-0.015206 0.000000
-0.012224 0.000000
-0.008897 0.000000
-0.005735 0.000000
-0.001758 0.000000
0.004360 0.000000
0.012559 0.000000
0.017079 0.000000
0.013808 0.000000
0.004810 0.000000
-0.000081 0.000000
-0.000807 0.000000
-0.004505 0.000000
-0.006764 0.000000
-0.005330 0.000000
-0.006006 0.000000
-0.004860 0.000000
-0.000537 0.000000
0.001836 0.000000
0.002527 0.000000
0.004627 0.000000
0.007261 0.000000
0.007434 0.000000
0.005745 0.000000
0.001853 0.000000
-0.002029 0.000000
-0.001924 0.000000
0.000399 0.000000
-0.002671 0.000000
-0.010127 0.000000
-0.016787 0.000000
-0.012809 0.000000
-0.010301 0.000000
-0.009635 0.000000
-0.007372 0.000000
-0.002149 0.000000
0.002237 0.000000
0.006120 0.000000
0.011107 0.000000
0.013753 0.000000
0.012254 0.000000
0.007319 0.000000
0.005164 0.000000
0.004530 0.000000
-0.000363 0.000000
-0.000910 0.000000
0.003253 0.000000
0.002989 0.000000
0.002179 0.000000
0.004288 0.000000
0.006047 0.000000
0.006216 0.000000
0.007908 0.000000
0.009911 0.000000
0.009229 0.000000
0.005385 0.000000
0.000557 0.000000
-0.002559 0.000000
-0.002401 0.000000
-0.000419 0.000000
-0.002457 0.000000
-0.008327 0.000000
-0.012586 0.000000
-0.005373 0.000000
-0.006981 0.000000
-0.008139 0.000000
-0.005630 0.000000
0.000805 0.000000
0.005487 0.000000
0.006746 0.000000
0.007301 0.000000
0.007955 0.000000
0.008113 0.000000
0.009174 0.000000
0.011047 0.000000
0.010646 0.000000
0.007549 0.000000
0.010506 0.000000
0.015991 0.000000
0.012444 0.000000
0.006962 0.000000
0.007409 0.000000
0.009408 0.000000
0.008679 0.000000
0.009564 0.000000
0.011039 0.000000
0.009485 0.000000
0.005481 0.000000
0.000624 0.000000
-0.000548 0.000000
0.003735 0.000000
0.006193 0.000000
0.003918 0.000000
-0.000803 0.000000
-0.004160 0.000000
0.001307 0.000000
-0.002819 0.000000
-0.004547 0.000000
-0.000687 0.000000
0.005515 0.000000
0.009721 0.000000
0.009032 0.000000
0.005524 0.000000
0.003674 0.000000
0.004684 0.000000
0.008875 0.000000
0.013499 0.000000
0.015718 0.000000
0.015589 0.000000
0.019450 0.000000
0.023319 0.000000
0.017956 0.000000
0.011321 0.000000
0.010626 0.000000
0.012124 0.000000
0.011359 0.000000
0.011200 0.000000
0.012009 0.000000
0.010829 0.000000
0.009179 0.000000
0.006730 0.000000
0.006634 0.000000
0.010868 0.000000
0.011709 0.000000
0.008430 0.000000
0.004836 0.000000
0.002420 0.000000
0.006423 0.000000
0.004135 0.000000
0.002428 0.000000
0.005547 0.000000
0.010714 0.000000
0.012663 0.000000
0.010243 0.000000
0.006336 0.000000
0.004677 0.000000
0.006043 0.000000
0.009582 0.000000
0.013058 0.000000
0.016114 0.000000
0.018048 0.000000
0.021731 0.000000
0.023447 0.000000
0.019784 0.000000
0.015345 0.000000
0.012985 0.000000
0.011870 0.000000
0.011355 0.000000
0.012177 0.000000
0.013649 0.000000
0.013464 0.000000
0.013429 0.000000
0.014525 0.000000
0.014674 0.000000
0.013431 0.000000
0.009461 0.000000
0.005052 0.000000
0.004262 0.000000
0.005430 0.000000
0.010520 0.000000
0.009916 0.000000
0.008669 0.000000
0.009514 0.000000
0.012463 0.000000
0.011967 0.000000
0.009309 0.000000
0.008629 0.000000
0.011194 0.000000
0.014978 0.000000
0.016623 0.000000
0.016608 0.000000
0.017852 0.000000
0.020261 0.000000
0.022532 0.000000
0.020214 0.000000
0.015502 0.000000
0.012219 0.000000
0.009598 0.000000
0.008300 0.000000
0.009922 0.000000
0.012442 0.000000
0.014042 0.000000
0.016199 0.000000
0.017403 0.000000
0.018509 0.000000
0.016071 0.000000
0.010985 0.000000
0.004489 0.000000
0.000400 0.000000
0.003596 0.000000
0.008769 0.000000
0.016256 0.000000
0.015570 0.000000
0.012217 0.000000
0.009373 0.000000
0.009960 0.000000
0.008173 0.000000
0.006769 0.000000
0.010132 0.000000
0.016006 0.000000
0.021727 0.000000
0.024366 0.000000
0.024790 0.000000
0.024790 0.000000
0.024244 0.000000
0.021488 0.000000
0.014247 0.000000
0.006124 0.000000
0.001938 0.000000
0.000346 0.000000
0.001187 0.000000
0.005965 0.000000
0.009749 0.000000
0.011277 0.000000
0.015296 0.000000
0.017981 0.000000
0.017614 0.000000
0.013074 0.000000
0.007482 0.000000
0.002249 0.000000
0.001187 0.000000
0.007121 0.000000
0.013955 0.000000
0.021088 0.000000
0.018047 0.000000
0.011259 0.000000
0.005389 0.000000
0.004063 0.000000
0.001750 0.000000
0.002514 0.000000
0.008973 0.000000
0.016269 0.000000
0.023190 0.000000
0.027495 0.000000
0.029814 0.000000
0.030516 0.000000
0.026813 0.000000
0.017194 0.000000
0.005404 0.000000
-0.004471 0.000000
-0.010196 0.000000
-0.010756 0.000000
-0.006777 0.000000
-0.000314 0.000000
0.004646 0.000000
0.006778 0.000000
0.010234 0.000000
0.013108 0.000000
0.014158 0.000000
0.011962 0.000000
0.007879 0.000000
0.004822 0.000000
0.006833 0.000000
0.013358 0.000000
0.019360 0.000000
0.019768 0.000000
0.014591 0.000000
0.007816 0.000000
0.002495 0.000000
0.000125 0.000000
-0.003259 0.000000
-0.001240 0.000000
0.007420 0.000000
0.016300 0.000000
0.023806 0.000000
0.027625 0.000000
0.029836 0.000000
0.030323 0.000000
0.024594 0.000000
0.011092 0.000000
-0.003451 0.000000
-0.013305 0.000000
-0.018268 0.000000
-0.017416 0.000000
-0.011355 0.000000
-0.005318 0.000000
-0.001952 0.000000
-0.000514 0.000000
0.001973 0.000000
0.005806 0.000000
0.010654 0.000000
0.014465 0.000000
0.015003 0.000000
0.013446 0.000000
0.014673 0.000000
0.018804 0.000000
0.020908 0.000000
0.013716 0.000000
0.011076 0.000000
0.005448 0.000000
0.000718 0.000000
-0.002468 0.000000
-0.006259 0.000000
-0.004337 0.000000
0.004751 0.000000
0.013698 0.000000
0.020663 0.000000
0.024426 0.000000
0.025714 0.000000
0.025352 0.000000
0.018969 0.000000
0.005964 0.000000
-0.008251 0.000000
-0.016694 0.000000
-0.020549 0.000000
-0.019140 0.000000
-0.012953 0.000000
-0.008366 0.000000
-0.007541 0.000000
-0.007479 0.000000
-0.005604 0.000000
-0.000768 0.000000
0.008002 0.000000
0.017788 0.000000
0.022525 0.000000
0.021323 0.000000
0.018380 0.000000
0.018225 0.000000
0.016406 0.000000
0.010066 0.000000
0.010107 0.000000
0.004532 0.000000
-0.000705 0.000000
-0.005326 0.000000
-0.009225 0.000000
-0.006592 0.000000
0.000408 0.000000
0.006427 0.000000
0.012774 0.000000
0.018009 0.000000
0.020103 0.000000
0.019831 0.000000
0.014181 0.000000
0.002716 0.000000
-0.009269 0.000000
-0.015309 0.000000
-0.017912 0.000000
-0.017397 0.000000
-0.013863 0.000000
-0.011248 0.000000
-0.011219 0.000000
-0.011131 0.000000
-0.008468 0.000000
-0.003586 0.000000
0.005424 0.000000
0.017644 0.000000
0.025278 0.000000
0.023629 0.000000
0.017209 0.000000
0.013231 0.000000
0.010533 0.000000
0.006778 0.000000
0.006080 0.000000
0.001266 0.000000
-0.003549 0.000000
-0.006961 0.000000
-0.009335 0.000000
-0.006855 0.000000
-0.002385 0.000000
0.001527 0.000000
0.006957 0.000000
0.013837 0.000000
0.018135 0.000000
0.017485 0.000000
0.011662 0.000000
0.001769 0.000000
-0.006316 0.000000
-0.010404 0.000000
-0.012322 0.000000
-0.012848 0.000000
-0.013301 0.000000
-0.013690 0.000000
-0.013046 0.000000
-0.011585 0.000000
-0.008946 0.000000
-0.004996 0.000000
0.002766 0.000000
0.014688 0.000000
0.023019 0.000000
0.020588 0.000000
0.013101 0.000000
0.008057 0.000000
0.006486 0.000000
0.003571 0.000000
0.001633 0.000000
-0.002269 0.000000
-0.006304 0.000000
-0.007056 0.000000
-0.007314 0.000000
-0.005658 0.000000
-0.001698 0.000000
0.003047 0.000000
0.008980 0.000000
0.016480 0.000000
0.021639 0.000000
0.020290 0.000000
0.013383 0.000000
0.004927 0.000000
-0.000460 0.000000
-0.005006 0.000000
-0.007138 0.000000
-0.007627 0.000000
-0.010454 0.000000
-0.012602 0.000000
-0.011469 0.000000
-0.010013 0.000000
-0.008851 0.000000
-0.006392 0.000000
0.000351 0.000000
0.011470 0.000000
0.018837 0.000000
0.016747 0.000000
0.010086 0.000000
0.005540 0.000000
0.004827 0.000000
0.004003 0.000000
0.001938 0.000000
-0.002041 0.000000
-0.005591 0.000000
-0.005326 0.000000
-0.005617 0.000000
-0.003914 0.000000
0.001170 0.000000
0.007775 0.000000
0.015261 0.000000
0.021001 0.000000
0.024205 0.000000
0.023400 0.000000
0.017523 0.000000
0.011207 0.000000
0.006388 0.000000
-0.000276 0.000000
-0.002974 0.000000
-0.002903 0.000000
-0.006819 0.000000
-0.009362 0.000000
-0.008294 0.000000
-0.007698 0.000000
-0.007792 0.000000
-0.006808 0.000000
-0.002434 0.000000
0.006744 0.000000
0.013276 0.000000
0.013227 0.000000
0.009973 0.000000
0.006462 0.000000
0.005380 0.000000
0.004050 0.000000
0.002153 0.000000
-0.001297 0.000000
-0.003633 0.000000
-0.004846 0.000000
-0.006647 0.000000
-0.002845 0.000000
0.005486 0.000000
0.012602 0.000000
0.018772 0.000000
0.022285 0.000000
0.023238 0.000000
0.023127 0.000000
0.019737 0.000000
0.016137 0.000000
0.011397 0.000000
0.003495 0.000000
0.000007 0.000000
-0.000478 0.000000
-0.003799 0.000000
-0.005815 0.000000
-0.005687 0.000000
-0.004563 0.000000
-0.004643 0.000000
-0.005871 0.000000
-0.003810 0.000000
0.002471 0.000000
0.007174 0.000000
0.007979 0.000000
0.007455 0.000000
0.006182 0.000000
0.004584 0.000000
0.003002 0.000000
0.000175 0.000000
-0.002234 0.000000
-0.003186 0.000000
-0.005276 0.000000
-0.006634 0.000000
-0.001583 0.000000
0.008008 0.000000
0.013407 0.000000
0.016064 0.000000
0.017555 0.000000
0.016585 0.000000
0.016740 0.000000
0.016302 0.000000
0.014889 0.000000
0.011905 0.000000
0.007462 0.000000
0.004723 0.000000
0.002140 0.000000
-0.000726 0.000000
-0.002502 0.000000
-0.003759 0.000000
-0.003868 0.000000
-0.003973 0.000000
-0.003705 0.000000
-0.002221 0.000000
-0.000149 0.000000
0.000472 0.000000
0.000434 0.000000
0.000894 0.000000
0.002042 0.000000
0.002555 0.000000
0.001328 0.000000
-0.001779 0.000000
-0.004022 0.000000
-0.004048 0.000000
-0.004743 0.000000
-0.004246 0.000000
0.000171 0.000000
0.009142 0.000000
0.013212 0.000000
0.011836 0.000000
0.008820 0.000000
0.005129 0.000000
0.006223 0.000000
0.009307 0.000000
0.009249 0.000000
0.008103 0.000000
0.009066 0.000000
0.008980 0.000000
0.005212 0.000000
0.001667 0.000000
-0.000654 0.000000
-0.003605 0.000000
-0.005523 0.000000
-0.004005 0.000000
-0.000988 0.000000
-0.001060 0.000000
-0.001788 0.000000
-0.003470 0.000000
-0.005470 0.000000
-0.006101 0.000000
-0.004038 0.000000
-0.000917 0.000000
-0.003342 0.000000
-0.004782 0.000000
-0.006590 0.000000
-0.006580 0.000000
-0.006712 0.000000
-0.004824 0.000000
0.000485 0.000000
0.008616 0.000000
0.011105 0.000000
0.008513 0.000000
0.003355 0.000000
-0.001148 0.000000
0.000607 0.000000
0.004681 0.000000
0.004455 0.000000
0.004455 0.000000
0.009356 0.000000
0.011467 0.000000
0.006428 0.000000
0.000270 0.000000
-0.002673 0.000000
-0.004710 0.000000
-0.005933 0.000000
-0.003743 0.000000
-0.001804 0.000000
-0.003902 0.000000
-0.003911 0.000000
-0.004105 0.000000
-0.007650 0.000000
-0.011497 0.000000
-0.010466 0.000000
-0.006288 0.000000
-0.006088 0.000000
-0.007148 0.000000
-0.009405 0.000000
-0.009956 0.000000
-0.009174 0.000000
-0.006845 0.000000
-0.001459 0.000000
0.004201 0.000000
0.005767 0.000000
0.004904 0.000000
0.000615 0.000000
-0.003706 0.000000
-0.002383 0.000000
0.000984 0.000000
0.000909 0.000000
0.001272 0.000000
0.005646 0.000000
0.007139 0.000000
0.001531 0.000000
-0.005893 0.000000
-0.008264 0.000000
-0.008229 0.000000
-0.008176 0.000000
-0.007163 0.000000
-0.007940 0.000000
-0.009185 0.000000
-0.005844 0.000000
-0.003832 0.000000
-0.007364 0.000000
-0.012191 0.000000
-0.011402 0.000000
-0.007829 0.000000
-0.008220 0.000000
-0.007612 0.000000
-0.008598 0.000000
-0.010822 0.000000
-0.011338 0.000000
-0.008871 0.000000
-0.002727 0.000000
0.001118 0.000000
0.000916 0.000000
-0.000249 0.000000
-0.004734 0.000000
-0.008786 0.000000
-0.006419 0.000000
-0.000840 0.000000
0.002065 0.000000
0.001242 0.000000
0.000161 0.000000
-0.000085 0.000000
-0.002604 0.000000
-0.008142 0.000000
-0.010257 0.000000
-0.010043 0.000000
-0.010618 0.000000
-0.011473 0.000000
-0.013373 0.000000
-0.012080 0.000000
-0.005595 0.000000
-0.002680 0.000000
-0.007015 0.000000
-0.010024 0.000000
-0.008582 0.000000
-0.008011 0.000000
-0.008719 0.000000
-0.007931 0.000000
-0.005471 0.000000
-0.006236 0.000000
-0.009145 0.000000
-0.008242 0.000000
-0.003651 0.000000
-0.001673 0.000000
-0.003721 0.000000
-0.006739 0.000000
-0.011493 0.000000
-0.014542 0.000000
-0.008824 0.000000
0.001484 0.000000
0.007773 0.000000
0.006265 0.000000
-0.000467 0.000000
-0.002634 0.000000
-0.000846 0.000000
-0.002690 0.000000
-0.004813 0.000000
-0.005896 0.000000
-0.008020 0.000000
-0.010013 0.000000
-0.012574 0.000000
-0.009188 0.000000
-0.001856 0.000000
-0.000679 0.000000
-0.006041 0.000000
-0.006875 0.000000
-0.004140 0.000000
-0.005992 0.000000
-0.007908 0.000000
-0.008927 0.000000
-0.005036 0.000000
-0.002743 0.000000
-0.004955 0.000000
-0.006315 0.000000
-0.005156 0.000000
-0.003401 0.000000
-0.004485 0.000000
-0.008777 0.000000
-0.013723 0.000000
-0.015207 0.000000
-0.006306 0.000000
0.005557 0.000000
0.011108 0.000000
0.009488 0.000000
0.002623 0.000000
-0.000702 0.000000
0.001962 0.000000
0.002952 0.000000
0.001417 0.000000
-0.001130 0.000000
-0.003896 0.000000
-0.006003 0.000000
-0.007123 0.000000
-0.002884 0.000000
0.002083 0.000000
-0.000257 0.000000
-0.006990 0.000000
-0.006523 0.000000
-0.002412 0.000000
-0.003506 0.000000
-0.007383 0.000000
-0.007424 0.000000
-0.002637 0.000000
0.000850 0.000000
0.000033 0.000000
-0.002748 0.000000
-0.003445 0.000000
-0.001721 0.000000
-0.002245 0.000000
-0.005977 0.000000
-0.009636 0.000000
-0.010113 0.000000
-0.001509 0.000000
0.008050 0.000000
0.011030 0.000000
0.010109 0.000000
0.008237 0.000000
0.005515 0.000000
0.004600 0.000000
0.003607 0.000000
0.001686 0.000000
-0.000540 0.000000
-0.002478 0.000000
-0.003143 0.000000
-0.000194 0.000000
0.003851 0.000000
0.003758 0.000000
-0.002845 0.000000
-0.010156 0.000000
-0.009173 0.000000
-0.004989 0.000000
-0.004340 0.000000
-0.007281 0.000000
-0.005144 0.000000
-0.000251 0.000000
0.004034 0.000000
0.005429 0.000000
0.003235 0.000000
0.001158 0.000000
0.000411 0.000000
-0.001954 0.000000
-0.005426 0.000000
-0.007824 0.000000
-0.007521 0.000000
-0.002144 0.000000
0.003616 0.000000
0.006391 0.000000
0.008601 0.000000
0.012644 0.000000
0.012585 0.000000
0.008904 0.000000
0.005188 0.000000
0.002992 0.000000
0.000949 0.000000
-0.000444 0.000000
0.000910 0.000000
0.006216 0.000000
0.009246 0.000000
0.005166 0.000000
-0.002994 0.000000
-0.009136 0.000000
-0.009127 0.000000
-0.007104 0.000000
-0.006218 0.000000
-0.007533 0.000000
-0.005602 0.000000
-0.001752 0.000000
0.003758 0.000000
0.007883 0.000000
0.005394 0.000000
0.000279 0.000000
-0.002834 0.000000
-0.005132 0.000000
-0.006381 0.000000
-0.008357 0.000000
-0.009248 0.000000
-0.007700 0.000000
-0.005142 0.000000
-0.001142 0.000000
0.003936 0.000000
0.010759 0.000000
0.013429 0.000000
0.012088 0.000000
0.010567 0.000000
0.009329 0.000000
0.008163 0.000000
0.008577 0.000000
0.010384 0.000000
0.012377 0.000000
0.012671 0.000000
0.009063 0.000000
0.003538 0.000000
-0.001845 0.000000
-0.006155 0.000000
-0.008165 0.000000
-0.007739 0.000000
-0.008907 0.000000
-0.007549 0.000000
-0.004416 0.000000
0.002219 0.000000
0.008424 0.000000
0.004984 0.000000
-0.004610 0.000000
-0.009550 0.000000
-0.009900 0.000000
-0.008134 0.000000
-0.008594 0.000000
-0.010929 0.000000
-0.011957 0.000000
-0.010387 0.000000
-0.003894 0.000000
0.002814 0.000000
0.008399 0.000000
0.011714 0.000000
0.013115 0.000000
0.015073 0.000000
0.016448 0.000000
0.016983 0.000000
0.018020 0.000000
0.017237 0.000000
0.014690 0.000000
0.014517 0.000000
0.015168 0.000000
0.013110 0.000000
0.006310 0.000000
-0.003273 0.000000
-0.009416 0.000000
-0.009989 0.000000
-0.010397 0.000000
-0.010999 0.000000
-0.008222 0.000000
-0.000578 0.000000
0.005941 0.000000
0.002401 0.000000
-0.007827 0.000000
-0.011780 0.000000
-0.010458 0.000000
-0.008577 0.000000
-0.008126 0.000000
-0.010834 0.000000
-0.012240 0.000000
-0.008715 0.000000
0.000651 0.000000
0.007653 0.000000
0.009596 0.000000
0.011494 0.000000
0.015174 0.000000
0.018615 0.000000
0.019745 0.000000
0.019359 0.000000
0.018711 0.000000
0.016132 0.000000
0.012138 0.000000
0.013292 0.000000
0.017670 0.000000
0.019461 0.000000
0.015530 0.000000
0.004604 0.000000
-0.005747 0.000000
-0.009130 0.000000
