1 1 1 7.0
1 2 2 3.5
1 3 3 3.5
1 4 4 3.5
1 5 5 3.5
1 6 6 3.5
1 7 7 3.5
1 8 8 3.5
1 9 9 3.5
1 10 10 3.5
1 11 11 7.0
1 12 12 7.0
1 13 13 7.0
1 14 14 7.0
1 15 15 7.0
1 16 16 7.0
1 17 17 7.0
1 18 18 7.0
1 19 19 7.0
1 20 20 7.0
1 21 21 3.5
1 22 22 3.5
1 23 23 3.5
1 24 24 3.5
1 25 25 3.5
1 26 26 3.5
1 27 27 2.8
1 28 28 2.8
1 29 29 3.5
1 30 30 3.5
1 31 31 7.0
1 32 32 7.0
2 1 33 3.5
2 2 34 2.8
2 3 35 2.1
2 4 36 2.8
2 5 37 2.8
2 6 38 2.8
2 7 39 2.8
2 8 40 2.8
2 9 41 3.5
2 10 42 3.5
2 11 43 3.5
2 12 44 3.5
2 13 45 3.5
2 14 46 3.5
2 15 47 3.5
2 16 48 3.5
2 17 49 3.5
2 18 50 3.5
2 19 51 3.5
2 20 52 3.5
2 21 53 3.5
2 22 54 3.5
2 23 55 2.8
2 24 56 2.8
2 25 57 2.8
2 26 58 2.8
2 27 59 2.1
2 28 60 2.1
2 29 61 2.1
2 30 62 2.8
2 31 63 3.5
2 32 64 7.0
3 1 65 2.1
3 2 66 2.1
3 3 67 1.4
3 4 68 2.1
3 5 69 2.1
3 6 70 2.1
3 7 71 2.1
3 8 72 2.8
3 9 73 2.8
3 10 74 2.8
3 11 75 2.8
3 12 76 2.8
3 13 77 2.8
3 14 78 2.8
3 15 79 2.8
3 16 80 2.8
3 17 81 2.8
3 18 82 2.8
3 19 83 2.8
3 20 84 2.8
3 21 85 2.8
3 22 86 2.8
3 23 87 2.8
3 24 88 2.8
3 25 89 2.1
3 26 90 2.1
3 27 91 1.0
3 28 92 1.0
3 29 93 1.0
3 30 94 1.0
3 31 95 2.8
3 32 96 3.5
4 1 97 2.1
4 2 98 2.1
4 3 99 1.4
4 4 100 1.4
4 5 101 1.0
4 6 102 1.4
4 7 103 2.1
4 8 104 2.8
4 9 105 2.8
4 10 106 2.8
4 11 107 2.8
4 12 108 2.8
4 13 109 2.8
4 14 110 2.8
4 15 111 2.8
4 16 112 2.8
4 17 113 2.8
4 18 114 2.8
4 19 115 2.8
4 20 116 2.8
4 21 117 2.8
4 22 118 2.8
4 23 119 2.8
4 24 120 2.1
4 25 121 2.1
4 26 122 2.1
4 27 123 1.0
4 28 124 1.0
4 29 125 1.0
4 30 126 1.0
4 31 127 2.1
4 32 128 3.5
5 1 129 2.1
5 2 130 1.4
5 3 131 1.4
5 4 132 1.4
5 5 133 1.0
5 6 134 1.4
5 7 135 2.1
5 8 136 2.1
5 9 137 2.1
5 10 138 2.8
5 11 139 2.8
5 12 140 2.8
5 13 141 2.8
5 14 142 2.8
5 15 143 2.8
5 16 144 2.8
5 17 145 2.8
5 18 146 2.8
5 19 147 2.8
5 20 148 2.8
5 21 149 2.8
5 22 150 2.8
5 23 151 2.1
5 24 152 2.1
5 25 153 2.1
5 26 154 2.1
5 27 155 2.1
5 28 156 1.0
5 29 157 1.0
5 30 158 1.0
5 31 159 2.1
5 32 160 2.8
6 1 161 2.1
6 2 162 2.1
6 3 163 1.4
6 4 164 1.0
6 5 165 1.0
6 6 166 1.4
6 7 167 2.1
6 8 168 2.1
6 9 169 2.1
6 10 170 2.1
6 11 171 2.8
6 12 172 2.8
6 13 173 2.8
6 14 174 2.8
6 15 175 2.8
6 16 176 2.8
6 17 177 2.8
6 18 178 2.8
6 19 179 2.8
6 20 180 2.8
6 21 181 2.8
6 22 182 2.8
6 23 183 2.1
6 24 184 2.1
6 25 185 2.1
6 26 186 2.1
6 27 187 2.1
6 28 188 2.1
6 29 189 1.0
6 30 190 1.0
6 31 191 2.1
6 32 192 3.5
7 1 193 2.1
7 2 194 1.4
7 3 195 1.4
7 4 196 1.0
7 5 197 1.0
7 6 198 1.0
7 7 199 1.0
7 8 200 2.1
7 9 201 2.1
7 10 202 2.1
7 11 203 2.1
7 12 204 2.8
7 13 205 2.8
7 14 206 2.8
7 15 207 2.8
7 16 208 2.8
7 17 209 2.8
7 18 210 2.8
7 19 211 2.8
7 20 212 2.8
7 21 213 2.8
7 22 214 2.8
7 23 215 2.1
7 24 216 2.1
7 25 217 2.1
7 26 218 2.1
7 27 219 2.1
7 28 220 2.1
7 29 221 2.1
7 30 222 2.1
7 31 223 2.8
7 32 224 3.5
8 1 225 2.1
8 2 226 1.0
8 3 227 1.0
8 4 228 1.0
8 5 229 1.0
8 6 230 1.0
8 7 231 1.4
8 8 232 2.1
8 9 233 2.1
8 10 234 2.1
8 11 235 2.1
8 12 236 2.1
8 13 237 2.1
8 14 238 2.1
8 15 239 2.8
8 16 240 2.8
8 17 241 2.8
8 18 242 2.8
8 19 243 2.8
8 20 244 2.8
8 21 245 2.8
8 22 246 2.8
8 23 247 2.1
8 24 248 2.1
8 25 249 2.1
8 26 250 2.1
8 27 251 2.1
8 28 252 2.1
8 29 253 2.1
8 30 254 2.1
8 31 255 2.8
8 32 256 3.5
9 1 257 2.1
9 2 258 1.4
9 3 259 1.0
9 4 260 1.0
9 5 261 1.0
9 6 262 1.0
9 7 263 1.4
9 8 264 2.1
9 9 265 2.1
9 10 266 2.1
9 11 267 2.1
9 12 268 2.1
9 13 269 2.1
9 14 270 2.1
9 15 271 2.1
9 16 272 2.1
9 17 273 2.1
9 18 274 2.8
9 19 275 2.8
9 20 276 2.1
9 21 277 2.1
9 22 278 2.1
9 23 279 2.1
9 24 280 2.1
9 25 281 2.1
9 26 282 2.1
9 27 283 2.1
9 28 284 2.1
9 29 285 2.1
9 30 286 2.8
9 31 287 2.8
9 32 288 3.5
10 1 289 2.1
10 2 290 1.0
10 3 291 1.0
10 4 292 1.0
10 5 293 1.0
10 6 294 1.0
10 7 295 1.0
10 8 296 1.4
10 9 297 2.1
10 10 298 2.1
10 11 299 2.1
10 12 300 2.1
10 13 301 2.1
10 14 302 2.1
10 15 303 2.1
10 16 304 2.1
10 17 305 2.1
10 18 306 2.1
10 19 307 2.1
10 20 308 2.1
10 21 309 2.1
10 22 310 2.1
10 23 311 2.1
10 24 312 2.1
10 25 313 2.1
10 26 314 2.1
10 27 315 2.1
10 28 316 2.1
10 29 317 2.8
10 30 318 2.8
10 31 319 2.8
10 32 320 3.5
11 1 321 2.1
11 2 322 1.0
11 3 323 1.0
11 4 324 1.0
11 5 325 1.0
11 6 326 1.0
11 7 327 1.0
11 8 328 1.4
11 9 329 1.4
11 10 330 1.4
11 11 331 2.1
11 12 332 2.1
11 13 333 2.1
11 14 334 2.1
11 15 335 2.1
11 16 336 2.1
11 17 337 2.1
11 18 338 2.1
11 19 339 2.1
11 20 340 2.1
11 21 341 2.1
11 22 342 2.1
11 23 343 2.1
11 24 344 2.1
11 25 345 2.1
11 26 346 2.1
11 27 347 2.8
11 28 348 2.8
11 29 349 2.8
11 30 350 2.8
11 31 351 3.5
11 32 352 3.5
12 1 353 2.1
12 2 354 1.0
12 3 355 1.0
12 4 356 1.0
12 5 357 1.0
12 6 358 1.0
12 7 359 1.0
12 8 360 1.0
12 9 361 1.4
12 10 362 1.4
12 11 363 1.4
12 12 364 1.4
12 13 365 1.4
12 14 366 1.4
12 15 367 2.1
12 16 368 1.4
12 17 369 2.1
12 18 370 2.1
12 19 371 2.1
12 20 372 2.1
12 21 373 2.1
12 22 374 2.1
12 23 375 2.1
12 24 376 2.1
12 25 377 2.1
12 26 378 2.8
12 27 379 2.8
12 28 380 2.8
12 29 381 2.8
12 30 382 2.8
12 31 383 3.5
12 32 384 3.5
13 1 385 1.4
13 2 386 1.0
13 3 387 1.0
13 4 388 1.0
13 5 389 1.0
13 6 390 1.0
13 7 391 1.0
13 8 392 1.0
13 9 393 1.0
13 10 394 1.0
13 11 395 1.0
13 12 396 1.0
13 13 397 1.4
13 14 398 1.4
13 15 399 1.4
13 16 400 1.4
13 17 401 1.4
13 18 402 1.4
13 19 403 1.4
13 20 404 1.4
13 21 405 1.4
13 22 406 2.1
13 23 407 2.1
13 24 408 2.1
13 25 409 2.1
13 26 410 2.8
13 27 411 2.8
13 28 412 2.8
13 29 413 2.8
13 30 414 2.8
13 31 415 3.5
13 32 416 3.5
14 1 417 2.1
14 2 418 1.4
14 3 419 1.0
14 4 420 1.0
14 5 421 1.0
14 6 422 1.0
14 7 423 1.0
14 8 424 1.0
14 9 425 1.0
14 10 426 1.0
14 11 427 1.0
14 12 428 1.0
14 13 429 1.0
14 14 430 1.0
14 15 431 1.0
14 16 432 1.0
14 17 433 1.0
14 18 434 1.0
14 19 435 1.0
14 20 436 1.0
14 21 437 1.0
14 22 438 1.4
14 23 439 2.1
14 24 440 2.1
14 25 441 2.1
14 26 442 2.8
14 27 443 2.8
14 28 444 2.8
14 29 445 2.8
14 30 446 2.8
14 31 447 3.5
14 32 448 3.5
15 1 449 2.1
15 2 450 1.4
15 3 451 1.0
15 4 452 1.0
15 5 453 1.0
15 6 454 1.0
15 7 455 1.0
15 8 456 1.0
15 9 457 1.0
15 10 458 1.0
15 11 459 1.0
15 12 460 1.0
15 13 461 1.0
15 14 462 1.0
15 15 463 1.0
15 16 464 1.0
15 17 465 1.0
15 18 466 1.0
15 19 467 1.0
15 20 468 1.0
15 21 469 1.4
15 22 470 1.4
15 23 471 2.1
15 24 472 2.1
15 25 473 2.1
15 26 474 2.8
15 27 475 2.8
15 28 476 2.8
15 29 477 2.8
15 30 478 2.8
15 31 479 3.5
15 32 480 7.0
16 1 481 2.1
16 2 482 1.4
16 3 483 1.0
16 4 484 1.0
16 5 485 1.0
16 6 486 1.0
16 7 487 1.0
16 8 488 1.0
16 9 489 1.0
16 10 490 1.0
16 11 491 1.0
16 12 492 1.0
16 13 493 1.0
16 14 494 1.0
16 15 495 1.0
16 16 496 1.0
16 17 497 1.0
16 18 498 1.0
16 19 499 1.0
16 20 500 1.0
16 21 501 1.0
16 22 502 1.4
16 23 503 2.1
16 24 504 2.1
16 25 505 2.1
16 26 506 2.8
16 27 507 2.8
16 28 508 2.8
16 29 509 2.8
16 30 510 2.8
16 31 511 3.5
16 32 512 7.0
17 1 513 2.1
17 2 514 1.0
17 3 515 1.0
17 4 516 1.0
17 5 517 1.0
17 6 518 1.0
17 7 519 1.0
17 8 520 1.0
17 9 521 1.0
17 10 522 1.0
17 11 523 1.0
17 12 524 1.0
17 13 525 1.0
17 14 526 1.0
17 15 527 1.0
17 16 528 1.0
17 17 529 1.0
17 18 530 1.0
17 19 531 1.0
17 20 532 1.0
17 21 533 1.0
17 22 534 1.4
17 23 535 2.1
17 24 536 2.1
17 25 537 2.1
17 26 538 2.8
17 27 539 2.8
17 28 540 2.8
17 29 541 2.8
17 30 542 2.8
17 31 543 3.5
17 32 544 7.0
18 1 545 2.1
18 2 546 1.0
18 3 547 1.0
18 4 548 1.0
18 5 549 1.0
18 6 550 1.0
18 7 551 1.0
18 8 552 1.0
18 9 553 1.0
18 10 554 1.0
18 11 555 1.0
18 12 556 1.0
18 13 557 1.0
18 14 558 1.0
18 15 559 1.0
18 16 560 1.0
18 17 561 1.0
18 18 562 1.0
18 19 563 1.0
18 20 564 1.0
18 21 565 1.0
18 22 566 1.4
18 23 567 2.1
18 24 568 2.1
18 25 569 2.1
18 26 570 2.8
18 27 571 2.8
18 28 572 2.8
18 29 573 2.8
18 30 574 2.8
18 31 575 3.5
18 32 576 7.0
19 1 577 2.1
19 2 578 1.0
19 3 579 1.0
19 4 580 1.0
19 5 581 1.0
19 6 582 1.0
19 7 583 1.0
19 8 584 1.0
19 9 585 1.0
19 10 586 1.0
19 11 587 1.0
19 12 588 1.0
19 13 589 1.0
19 14 590 1.0
19 15 591 1.0
19 16 592 1.0
19 17 593 1.0
19 18 594 1.0
19 19 595 1.0
19 20 596 1.0
19 21 597 1.0
19 22 598 1.0
19 23 599 2.1
19 24 600 2.1
19 25 601 2.1
19 26 602 2.8
19 27 603 2.8
19 28 604 2.8
19 29 605 2.8
19 30 606 2.8
19 31 607 3.5
19 32 608 7.0
20 1 609 2.1
20 2 610 1.0
20 3 611 1.0
20 4 612 1.0
20 5 613 1.0
20 6 614 1.0
20 7 615 1.0
20 8 616 1.0
20 9 617 1.0
20 10 618 1.0
20 11 619 1.0
20 12 620 1.0
20 13 621 1.0
20 14 622 1.0
20 15 623 1.0
20 16 624 1.0
20 17 625 1.0
20 18 626 1.0
20 19 627 1.0
20 20 628 1.0
20 21 629 1.0
20 22 630 1.4
20 23 631 2.1
20 24 632 2.1
20 25 633 2.1
20 26 634 2.1
20 27 635 2.8
20 28 636 2.8
20 29 637 2.8
20 30 638 2.8
20 31 639 3.5
20 32 640 3.5
21 1 641 2.1
21 2 642 1.0
21 3 643 1.0
21 4 644 1.0
21 5 645 1.0
21 6 646 1.0
21 7 647 0.7
21 8 648 1.0
21 9 649 1.0
21 10 650 1.0
21 11 651 1.0
21 12 652 1.0
21 13 653 1.0
21 14 654 1.0
21 15 655 1.0
21 16 656 1.0
21 17 657 1.0
21 18 658 1.0
21 19 659 1.0
21 20 660 1.0
21 21 661 1.0
21 22 662 1.4
21 23 663 2.1
21 24 664 2.1
21 25 665 2.1
21 26 666 2.1
21 27 667 2.1
21 28 668 2.8
21 29 669 2.8
21 30 670 2.8
21 31 671 3.5
21 32 672 3.5
22 1 673 2.1
22 2 674 1.0
22 3 675 1.0
22 4 676 1.0
22 5 677 1.0
22 6 678 0.7
22 7 679 0.7
22 8 680 1.0
22 9 681 0.7
22 10 682 1.0
22 11 683 1.0
22 12 684 1.0
22 13 685 1.0
22 14 686 1.0
22 15 687 1.0
22 16 688 1.0
22 17 689 1.0
22 18 690 1.0
22 19 691 1.0
22 20 692 1.0
22 21 693 1.0
22 22 694 1.4
22 23 695 1.4
22 24 696 2.1
22 25 697 2.1
22 26 698 2.1
22 27 699 2.1
22 28 700 2.8
22 29 701 2.8
22 30 702 2.8
22 31 703 3.5
22 32 704 3.5
23 1 705 2.1
23 2 706 1.0
23 3 707 1.0
23 4 708 1.0
23 5 709 1.0
23 6 710 0.7
23 7 711 0.7
23 8 712 1.0
23 9 713 1.0
23 10 714 1.0
23 11 715 1.0
23 12 716 1.0
23 13 717 1.0
23 14 718 1.0
23 15 719 1.0
23 16 720 1.0
23 17 721 1.0
23 18 722 1.0
23 19 723 1.0
23 20 724 1.0
23 21 725 1.0
23 22 726 1.4
23 23 727 1.4
23 24 728 2.1
23 25 729 2.1
23 26 730 2.1
23 27 731 2.1
23 28 732 2.1
23 29 733 2.8
23 30 734 2.8
23 31 735 2.8
23 32 736 3.5
24 1 737 2.1
24 2 738 1.0
24 3 739 1.0
24 4 740 1.0
24 5 741 0.7
24 6 742 1.0
24 7 743 0.7
24 8 744 1.0
24 9 745 1.0
24 10 746 1.0
24 11 747 1.0
24 12 748 1.0
24 13 749 1.0
24 14 750 1.0
24 15 751 1.0
24 16 752 1.0
24 17 753 1.0
24 18 754 1.0
24 19 755 1.0
24 20 756 1.0
24 21 757 1.0
24 22 758 1.0
24 23 759 1.4
24 24 760 1.4
24 25 761 2.1
24 26 762 2.1
24 27 763 2.1
24 28 764 2.1
24 29 765 2.1
24 30 766 2.8
24 31 767 2.8
24 32 768 3.5
25 1 769 2.1
25 2 770 1.0
25 3 771 1.0
25 4 772 0.7
25 5 773 1.0
25 6 774 0.7
25 7 775 0.7
25 8 776 1.0
25 9 777 0.7
25 10 778 0.7
25 11 779 1.0
25 12 780 1.0
25 13 781 1.0
25 14 782 1.0
25 15 783 1.0
25 16 784 1.0
25 17 785 1.0
25 18 786 1.0
25 19 787 1.0
25 20 788 1.0
25 21 789 1.0
25 22 790 1.4
25 23 791 1.0
25 24 792 1.4
25 25 793 1.4
25 26 794 2.1
25 27 795 2.1
25 28 796 2.1
25 29 797 2.1
25 30 798 2.1
25 31 799 2.8
25 32 800 3.5
26 1 801 2.1
26 2 802 1.0
26 3 803 1.0
26 4 804 1.0
26 5 805 1.0
26 6 806 0.7
26 7 807 0.7
26 8 808 0.7
26 9 809 0.7
26 10 810 0.7
26 11 811 1.0
26 12 812 1.0
26 13 813 0.7
26 14 814 0.7
26 15 815 1.0
26 16 816 1.0
26 17 817 1.0
26 18 818 1.0
26 19 819 1.0
26 20 820 1.0
26 21 821 1.0
26 22 822 1.0
26 23 823 1.0
26 24 824 1.0
26 25 825 1.0
26 26 826 1.4
26 27 827 1.0
26 28 828 1.0
26 29 829 1.4
26 30 830 2.1
26 31 831 2.8
26 32 832 3.5
27 1 833 2.1
27 2 834 1.0
27 3 835 1.0
27 4 836 1.0
27 5 837 1.0
27 6 838 1.0
27 7 839 0.7
27 8 840 1.0
27 9 841 0.7
27 10 842 0.7
27 11 843 0.7
27 12 844 1.0
27 13 845 0.7
27 14 846 0.7
27 15 847 1.0
27 16 848 1.0
27 17 849 1.0
27 18 850 1.0
27 19 851 1.0
27 20 852 1.0
27 21 853 1.0
27 22 854 1.0
27 23 855 1.0
27 24 856 1.0
27 25 857 1.0
27 26 858 1.0
27 27 859 1.0
27 28 860 1.0
27 29 861 1.0
27 30 862 1.4
27 31 863 2.8
27 32 864 3.5
28 1 865 2.1
28 2 866 1.0
28 3 867 1.0
28 4 868 1.0
28 5 869 1.0
28 6 870 1.0
28 7 871 0.7
28 8 872 0.7
28 9 873 0.7
28 10 874 0.7
28 11 875 1.0
28 12 876 0.7
28 13 877 0.7
28 14 878 1.0
28 15 879 1.0
28 16 880 1.0
28 17 881 1.0
28 18 882 1.0
28 19 883 1.0
28 20 884 1.0
28 21 885 1.0
28 22 886 1.0
28 23 887 1.0
28 24 888 1.0
28 25 889 1.0
28 26 890 1.0
28 27 891 1.4
28 28 892 1.0
28 29 893 1.4
28 30 894 1.4
28 31 895 2.1
28 32 896 2.8
29 1 897 2.1
29 2 898 1.0
29 3 899 1.0
29 4 900 1.0
29 5 901 1.0
29 6 902 1.0
29 7 903 1.0
29 8 904 1.0
29 9 905 1.0
29 10 906 1.0
29 11 907 1.0
29 12 908 1.0
29 13 909 1.0
29 14 910 1.0
29 15 911 1.0
29 16 912 1.0
29 17 913 1.0
29 18 914 1.0
29 19 915 1.0
29 20 916 1.0
29 21 917 1.0
29 22 918 1.0
29 23 919 1.0
29 24 920 1.0
29 25 921 1.0
29 26 922 1.0
29 27 923 1.0
29 28 924 1.0
29 29 925 1.4
29 30 926 1.4
29 31 927 2.1
29 32 928 2.8
30 1 929 2.1
30 2 930 1.0
30 3 931 1.0
30 4 932 1.0
30 5 933 1.0
30 6 934 1.0
30 7 935 1.0
30 8 936 1.0
30 9 937 1.0
30 10 938 1.0
30 11 939 1.0
30 12 940 1.0
30 13 941 1.0
30 14 942 1.0
30 15 943 1.0
30 16 944 1.0
30 17 945 1.0
30 18 946 1.0
30 19 947 1.0
30 20 948 1.0
30 21 949 1.0
30 22 950 1.4
30 23 951 1.0
30 24 952 1.0
30 25 953 1.4
30 26 954 1.0
30 27 955 1.4
30 28 956 1.4
30 29 957 1.4
30 30 958 2.1
30 31 959 2.1
30 32 960 3.5
31 1 961 2.8
31 2 962 1.0
31 3 963 1.0
31 4 964 1.0
31 5 965 1.0
31 6 966 1.0
31 7 967 1.0
31 8 968 1.0
31 9 969 1.0
31 10 970 1.0
31 11 971 1.0
31 12 972 1.0
31 13 973 1.0
31 14 974 1.0
31 15 975 1.0
31 16 976 1.0
31 17 977 1.0
31 18 978 1.0
31 19 979 1.0
31 20 980 1.0
31 21 981 1.4
31 22 982 2.1
31 23 983 2.1
31 24 984 2.1
31 25 985 2.1
31 26 986 2.1
31 27 987 2.1
31 28 988 2.1
31 29 989 2.1
31 30 990 2.1
31 31 991 2.8
31 32 992 3.5
32 1 993 3.5
32 2 994 2.8
32 3 995 2.1
32 4 996 2.1
32 5 997 2.1
32 6 998 2.1
32 7 999 2.1
32 8 1000 2.1
32 9 1001 2.1
32 10 1002 2.1
32 11 1003 2.1
32 12 1004 2.1
32 13 1005 2.1
32 14 1006 2.1
32 15 1007 2.1
32 16 1008 2.1
32 17 1009 2.1
32 18 1010 2.1
32 19 1011 2.1
32 20 1012 2.1
32 21 1013 2.1
32 22 1014 2.8
32 23 1015 2.8
32 24 1016 2.8
32 25 1017 2.8
32 26 1018 2.8
32 27 1019 2.8
32 28 1020 2.8
32 29 1021 2.8
32 30 1022 3.5
32 31 1023 3.5
32 32 1024 7.0
