  0.0000000000
  0.0000000000
  0.0000000000
  0.0000000000
  0.0000000000
  0.0000000000
  0.0000000000
  0.0000000000
  0.0000000000
  0.0000000000
  0.0000000000
  0.0059219272
  0.0119009791
  0.0119009791
  0.0119009791
  0.0119009791
  0.0119009791
  0.0119009791
  0.0119009791
  0.0119009791
  0.0119009791
  0.0119009791
  0.0119009791
  0.0119009791
  0.0119009791
  0.0058017273
  0.0000000000
  0.0000000000
  0.0000000000
  0.0000000000
  0.0000000000
  0.0000000000
  0.0000000000
  0.0000000000
  0.0000000000
  0.0000000000
  0.0000000000
  0.0000000000
  0.0000000000
  0.0000000000
  0.0000000000
  0.0000000000
  0.0000000000
  0.0050900488
  0.0119009791
  0.0119009791
  0.0119009791
  0.0119009791
  0.0119009791
  0.0119009791
  0.0119009791
  0.0119009791
  0.0119009791
  0.0119009791
  0.0119009791
  0.0119009791
  0.0119009791
  0.0049710390
  0.0000000000
  0.0000000000
  0.0000000000
  0.0000000000
  0.0000000000
  0.0000000000
  0.0000000000
  0.0000000000
  0.0000000000
  0.0000000000
  0.0000000000
  0.0000000000
  0.0000000000
  0.0000000000
  0.0000000000
  0.0000000000
  0.0000000000
  0.0024754037
  0.0119009791
  0.0119009791
  0.0119009791
  0.0119009791
  0.0119009791
  0.0119009791
  0.0119009791
  0.0119009791
  0.0119009791
  0.0119009791
  0.0119009791
  0.0119009791
  0.0119009791
  0.0023575840
  0.0000000000
  0.0000000000
  0.0000000000
  0.0000000000
  0.0000000000
  0.0000000000
  0.0000000000
  0.0000000000
  0.0000000000
  0.0000000000
  0.0000000000
  0.0000000000
  0.0000000000
  0.0000000000
  0.0000000000
  0.0000000000
  0.0000000000
  0.0000309425
  0.0097742741
  0.0119009791
  0.0119009791
  0.0119009791
  0.0119009791
  0.0119009791
  0.0119009791
  0.0119009791
  0.0119009791
  0.0119009791
  0.0119009791
  0.0119009791
  0.0096671653
  0.0000190416
  0.0000000000
  0.0000000000
  0.0000000000
  0.0000000000
  0.0000000000
  0.0000000000
  0.0000000000
  0.0000000000
  0.0000000000
  0.0000000000
  0.0000000000
  0.0000000000
  0.0000000000
  0.0000000000
  0.0000000000
  0.0000000000
  0.0000000000
  0.0000000000
  0.0030002368
  0.0117807792
  0.0119009791
  0.0119009791
  0.0119009791
  0.0119009791
  0.0119009791
  0.0119009791
  0.0119009791
  0.0119009791
  0.0119009791
  0.0117617376
  0.0029014587
  0.0000000000
  0.0000000000
  0.0000000000
  0.0000000000
  0.0000000000
  0.0000000000
  0.0000000000
  0.0000000000
  0.0000000000
  0.0000000000
  0.0000000000
  0.0000000000
  0.0000000000
  0.0000000000
  0.0000000000
  0.0000000000
  0.0000000000
  0.0000000000
  0.0000000000
  0.0000000000
  0.0047734827
  0.0117807792
  0.0119009791
  0.0119009791
  0.0119009791
  0.0119009791
  0.0119009791
  0.0119009791
  0.0119009791
  0.0117653079
  0.0046699442
  0.0000000000
  0.0000000000
  0.0000000000
  0.0000000000
  0.0000000000
  0.0000000000
  0.0000000000
  0.0000000000
  0.0000000000
  0.0000000000
  0.0000000000
  0.0000000000
  0.0000000000
  0.0000000000
  0.0000000000
  0.0000000000
  0.0000000000
  0.0000000000
  0.0000000000
  0.0000000000
  0.0000000000
  0.0000000000
  0.0030002368
  0.0097742741
  0.0119009791
  0.0119009791
  0.0119009791
  0.0119009791
  0.0119009791
  0.0097230999
  0.0029335913
  0.0000000000
  0.0000000000
  0.0000000000
  0.0000000000
  0.0000000000
  0.0000000000
  0.0000000000
  0.0000000000
  0.0000000000
  0.0000000000
  0.0000000000
  0.0000000000
  0.0000000000
  0.0000000000
  0.0000000000
  0.0000000000
  0.0000000000
  0.0000000000
  0.0000000000
  0.0000000000
  0.0000000000
  0.0000000000
  0.0000000000
  0.0000000000
  0.0000309425
  0.0024754037
  0.0050900488
  0.0059207371
  0.0050721973
  0.0024408908
  0.0000261822
  0.0000000000
  0.0000000000
  0.0000000000
  0.0000000000
  0.0000000000
  0.0000000000
  0.0000000000
  0.0000000000
  0.0000000000
  0.0000000000
  0.0000000000
  0.0000000000
  0.0000000000
  0.0000000000
  0.0000000000
  0.0000000000
  0.0000000000
  0.0000000000
  0.0000000000
  0.0000000000
  0.0000000000
  0.0000000000
  0.0000000000
  0.0000000000
  0.0000000000
  0.0000000000
  0.0000000000
  0.0000000000
  0.0000000000
  0.0000000000
  0.0000000000
  0.0000000000
  0.0000000000
  0.0000000000
  0.0000000000
  0.0000000000
  0.0000000000
  0.0000000000
  0.0000000000
  0.0000000000
  0.0000000000
  0.0000000000
  0.0000000000
  0.0000000000
  0.0000000000
  0.0000000000
  0.0000000000
  0.0000000000
  0.0000000000
  0.0000000000
  0.0000000000
  0.0000000000
  0.0000000000
  0.0000000000
  0.0000000000
  0.0000000000
  0.0000000000
  0.0000000000
  0.0000000000
  0.0000000000
  0.0000000000
  0.0000000000
  0.0000000000
  0.0000000000
  0.0000000000
  0.0000000000
  0.0000000000
  0.0000000000
  0.0000000000
  0.0000000000
  0.0000000000
  0.0000000000
  0.0000000000
  0.0000000000
  0.0000000000
  0.0000000000
  0.0000000000
  0.0000000000
  0.0000000000
  0.0000000000
  0.0000000000
  0.0000000000
  0.0000000000
  0.0000000000
  0.0000000000
  0.0000000000
  0.0000000000
  0.0000000000
  0.0000000000
  0.0000000000
  0.0000000000
  0.0000000000
  0.0000000000
  0.0000000000
  0.0000000000
  0.0000000000
  0.0000000000
  0.0000000000
  0.0000000000
  0.0000000000
  0.0000000000
  0.0000000000
  0.0000000000
  0.0000000000
  0.0000000000
  0.0000000000
  0.0000000000
  0.0000000000
  0.0000000000
  0.0000000000
  0.0000000000
  0.0000000000
  0.0000000000
  0.0000000000
  0.0000000000
  0.0000000000
  0.0000000000
  0.0000000000
  0.0000000000
  0.0000000000
  0.0000000000
  0.0000000000
  0.0000000000
  0.0000000000
  0.0000000000
  0.0000000000
  0.0000000000
  0.0000000000
  0.0000000000
  0.0000000000
  0.0000000000
  0.0000000000
  0.0000000000
  0.0000000000
  0.0000000000
  0.0000000000
  0.0000000000
  0.0000000000
  0.0000000000
  0.0000000000
  0.0000000000
  0.0000000000
  0.0000000000
  0.0000000000
  0.0000000000
  0.0000000000
  0.0000000000
  0.0000000000
  0.0000000000
  0.0000000000
  0.0000000000
  0.0000000000
  0.0000000000
  0.0000000000
  0.0000000000
  0.0000000000
  0.0000000000
  0.0000000000
  0.0000000000
  0.0000000000
  0.0000000000
  0.0000000000
  0.0000000000
  0.0000000000
  0.0000000000
  0.0000000000
  0.0000000000
  0.0000000000
  0.0000000000
  0.0000000000
  0.0000000000
  0.0000000000
  0.0000000000
  0.0000000000
  0.0000000000
  0.0000000000
  0.0000000000
  0.0000000000
  0.0000000000
  0.0000000000
  0.0000000000
  0.0000000000
  0.0000000000
  0.0000000000
  0.0000000000
  0.0000000000
  0.0000000000
  0.0000000000
  0.0000000000
  0.0000000000
  0.0000000000
  0.0000000000
  0.0000000000
  0.0000000000
  0.0000000000
  0.0000000000
  0.0000000000
  0.0000000000
  0.0000000000
  0.0000000000
  0.0000000000
  0.0000000000
  0.0000000000
  0.0000000000
  0.0000000000
  0.0000000000
  0.0000000000
  0.0000000000
  0.0000000000
  0.0000000000
  0.0000000000
  0.0000000000
  0.0000000000
  0.0000000000
  0.0000000000
  0.0000000000
  0.0000000000
  0.0000000000
  0.0000000000
  0.0000000000
  0.0000000000
  0.0000000000
  0.0000000000
  0.0000000000
  0.0000000000
  0.0000000000
  0.0000000000
  0.0000000000
  0.0000000000
  0.0000000000
  0.0000000000
  0.0000000000
  0.0000000000
  0.0000000000
  0.0000000000
  0.0000000000
  0.0000000000
  0.0000000000
  0.0000000000
  0.0000000000
  0.0000000000
  0.0000000000
  0.0000000000
  0.0000000000
  0.0000000000
  0.0000000000
  0.0000000000
  0.0000000000
  0.0000000000
  0.0000000000
  0.0000000000
  0.0000000000
  0.0000000000
  0.0000000000
  0.0000000000
  0.0000000000
  0.0000000000
  0.0000000000
  0.0000000000
  0.0000000000
  0.0000000000
  0.0000000000
  0.0000000000
  0.0000000000
  0.0000000000
  0.0000000000
  0.0000000000
  0.0000000000
  0.0000000000
  0.0000000000
  0.0000000000
  0.0000000000
  0.0000000000
  0.0000000000
  0.0000000000
  0.0000000000
  0.0000000000
  0.0000000000
  0.0000000000
  0.0000000000
  0.0000000000
  0.0000000000
  0.0000000000
  0.0000000000
  0.0000000000
  0.0000000000
  0.0000000000
  0.0000000000
  0.0000000000
  0.0000000000
  0.0000000000
  0.0000000000
  0.0000000000
  0.0000000000
  0.0000000000
  0.0000000000
  0.0000000000
  0.0000000000
  0.0000000000
  0.0000000000
  0.0000000000
  0.0000000000
  0.0000000000
  0.0000000000
  0.0000000000
  0.0000000000
  0.0000000000
  0.0000000000
  0.0000000000
  0.0000000000
  0.0000000000
  0.0000000000
  0.0000000000
  0.0000000000
  0.0000000000
  0.0000000000
  0.0000000000
  0.0000000000
  0.0000000000
  0.0000000000
  0.0000000000
  0.0000000000
  0.0000000000
  0.0000000000
  0.0000000000
  0.0000000000
  0.0000000000
  0.0000000000
  0.0000000000
  0.0000000000
  0.0000000000
  0.0000000000
  0.0000000000
  0.0000000000
  0.0000000000
  0.0000000000
  0.0000000000
  0.0000000000
  0.0000000000
  0.0000000000
  0.0000000000
  0.0000000000
  0.0000000000
  0.0000000000
  0.0000000000
  0.0000000000
  0.0000000000
  0.0000000000
  0.0000000000
  0.0000000000
  0.0000000000
  0.0000000000
  0.0000000000
  0.0000000000
  0.0000000000
  0.0000000000
  0.0000000000
  0.0000000000
  0.0000000000
  0.0000000000
  0.0000000000
  0.0000000000
  0.0000000000
  0.0000000000
  0.0000000000
  0.0000000000
  0.0000000000
  0.0000000000
  0.0000000000
  0.0000000000
  0.0000000000
  0.0000000000
  0.0000000000
  0.0000000000
  0.0000000000
  0.0000000000
  0.0000000000
  0.0000000000
  0.0000000000
  0.0000000000
  0.0000000000
  0.0000000000
  0.0000000000
  0.0000000000
  0.0000000000
  0.0000000000
  0.0000000000
  0.0000000000
  0.0000000000
  0.0000000000
  0.0000000000
  0.0000000000
  0.0000000000
  0.0000000000
  0.0000000000
  0.0000000000
  0.0000000000
  0.0000000000
  0.0000000000
  0.0000000000
  0.0000000000
  0.0000000000
  0.0000000000
  0.0000000000
  0.0000000000
  0.0000000000
  0.0000000000
  0.0000000000
  0.0000000000
  0.0000000000
  0.0000000000
  0.0000000000
  0.0000000000
  0.0000000000
  0.0000000000
  0.0000000000
  0.0000000000
  0.0000000000
  0.0000000000
  0.0000000000
  0.0000000000
  0.0000000000
  0.0000000000
  0.0000000000
  0.0000000000
  0.0000000000
  0.0000000000
  0.0000000000
  0.0000000000
  0.0000000000
  0.0000000000
  0.0000000000
  0.0000000000
  0.0000000000
  0.0000000000
  0.0000000000
  0.0000000000
  0.0000000000
  0.0000000000
  0.0000000000
  0.0000000000
  0.0000000000
  0.0000000000
  0.0000000000
  0.0000000000
  0.0000000000
  0.0000000000
  0.0000000000
  0.0000000000
  0.0000000000
  0.0000000000
  0.0000000000
  0.0000000000
  0.0000000000
  0.0000000000
  0.0000000000
  0.0000000000
  0.0000000000
  0.0000000000
  0.0000000000
  0.0000000000
  0.0000000000
  0.0000000000
  0.0000000000
  0.0000000000
  0.0000000000
  0.0000000000
  0.0000000000
  0.0000000000
  0.0000000000
  0.0000000000
  0.0000000000
  0.0000000000
  0.0000000000
  0.0000000000
  0.0000000000
  0.0000000000
  0.0000000000
  0.0000000000
  0.0000000000
  0.0000000000
  0.0000000000
  0.0000000000
  0.0000000000
  0.0000000000
  0.0000000000
  0.0000000000
  0.0000000000
  0.0000000000
  0.0000000000
  0.0000000000
  0.0000000000
  0.0000000000
  0.0000000000
  0.0000000000
  0.0000000000
  0.0000000000
  0.0000000000
  0.0000000000
  0.0000000000
  0.0000000000
  0.0000000000
  0.0000000000
  0.0000000000
  0.0000000000
  0.0000000000
  0.0000000000
  0.0000000000
  0.0000000000
  0.0000000000
  0.0000000000
  0.0000000000
  0.0000000000
  0.0000000000
  0.0000000000
  0.0000000000
  0.0000000000
  0.0000000000
  0.0000000000
  0.0000000000
  0.0000000000
  0.0000000000
  0.0000000000
  0.0000000000
  0.0000000000
  0.0000000000
  0.0000000000
  0.0000000000
  0.0000000000
  0.0000000000
  0.0000000000
  0.0000000000
  0.0000000000
  0.0000000000
  0.0000000000
  0.0000000000
  0.0000000000
  0.0000000000
  0.0000000000
  0.0000000000
  0.0000000000
  0.0000000000
  0.0000000000
  0.0000000000
  0.0000000000
  0.0000000000
  0.0000000000
  0.0000000000
  0.0000000000
  0.0000000000
  0.0000000000
  0.0000000000
  0.0000000000
  0.0000000000
  0.0000000000
  0.0000000000
  0.0000000000
  0.0000000000
  0.0000000000
  0.0000000000
  0.0000000000
  0.0000000000
  0.0000000000
  0.0000000000
  0.0000000000
  0.0000000000
  0.0000000000
  0.0000000000
  0.0000000000
  0.0000000000
  0.0000000000
  0.0000000000
  0.0000000000
  0.0000000000
  0.0000000000
  0.0000000000
  0.0000000000
  0.0000000000
  0.0000000000
  0.0000000000
  0.0000000000
  0.0000000000
  0.0000000000
  0.0000000000
  0.0000000000
  0.0000000000
  0.0000000000
  0.0000000000
  0.0000000000
  0.0000000000
  0.0000000000
  0.0000000000
  0.0000000000
  0.0000000000
  0.0000000000
  0.0000000000
  0.0000000000
  0.0000000000
  0.0000000000
  0.0000000000
  0.0000000000
  0.0000000000
  0.0000000000
  0.0000000000
  0.0000000000
  0.0000000000
  0.0000000000
  0.0000000000
  0.0000000000
  0.0000000000
  0.0000000000
  0.0000000000
  0.0000000000
  0.0000000000
  0.0000000000
  0.0000000000
  0.0000000000
  0.0000000000
  0.0000000000
  0.0000000000
  0.0000000000
  0.0000000000
  0.0000000000
  0.0000000000
  0.0000000000
  0.0000000000
  0.0000000000
  0.0000000000
  0.0000000000
  0.0000000000
  0.0000000000
  0.0000000000
  0.0000000000
  0.0000000000
  0.0000000000
  0.0000000000
  0.0000000000
  0.0000000000
  0.0000000000
  0.0000000000
  0.0000000000
  0.0000000000
  0.0000000000
  0.0000000000
  0.0000000000
  0.0000000000
  0.0000000000
  0.0000000000
  0.0000000000
  0.0000000000
  0.0000000000
  0.0000000000
  0.0000000000
  0.0000000000
  0.0000000000
  0.0000000000
  0.0000000000
  0.0000000000
  0.0000000000
  0.0000000000
  0.0000000000
  0.0000000000
  0.0000000000
  0.0000000000
  0.0000000000
  0.0000000000
  0.0000000000
  0.0000000000
  0.0000000000
  0.0000000000
  0.0000000000
  0.0000000000
  0.0000000000
  0.0000000000
  0.0000000000
  0.0000000000
  0.0000000000
  0.0000000000
  0.0000000000
  0.0000000000
  0.0000000000
  0.0000000000
  0.0000000000
  0.0000000000
  0.0000000000
  0.0000000000
  0.0000000000
  0.0000000000
  0.0000000000
  0.0000000000
  0.0000000000
  0.0000000000
  0.0000000000
  0.0000000000
  0.0000000000
  0.0000000000
  0.0000000000
  0.0000000000
  0.0000000000
  0.0000000000
  0.0000000000
  0.0000000000
  0.0000000000
  0.0000000000
  0.0000000000
  0.0000000000
  0.0000000000
  0.0000000000
  0.0000000000
  0.0000000000
  0.0000000000
  0.0000000000
  0.0000000000
  0.0000000000
  0.0000000000
  0.0000000000
  0.0000000000
  0.0000000000
  0.0000000000
  0.0000000000
  0.0000000000
  0.0000000000
  0.0000000000
  0.0000000000
  0.0000000000
  0.0000000000
  0.0000000000
  0.0000000000
  0.0000000000
  0.0000000000
  0.0000000000
  0.0000000000
  0.0000000000
  0.0000000000
  0.0000000000
  0.0000000000
  0.0000000000
  0.0000000000
  0.0000000000
  0.0000000000
  0.0000000000
  0.0000000000
  0.0000000000
  0.0000000000
  0.0000000000
  0.0000000000
  0.0000000000
  0.0000000000
  0.0000000000
  0.0000000000
  0.0000000000
  0.0000000000
  0.0000000000
  0.0000000000
  0.0000000000
  0.0000000000
  0.0000000000
  0.0000000000
  0.0000000000
  0.0000000000
  0.0000000000
  0.0000000000
  0.0000000000
  0.0000000000
  0.0000000000
  0.0000000000
  0.0000000000
  0.0000000000
  0.0000000000
  0.0000000000
  0.0000000000
  0.0000000000
  0.0000000000
  0.0000000000
  0.0000000000
  0.0000000000
  0.0000000000
  0.0000000000
