  0.0000000000
  0.0000000000
  0.0000000000
  0.0000000000
  0.0000000000
  0.0000000000
  0.0000000000
  0.0000000000
  0.0000000000
  0.0000000000
  0.0000000000
  0.0000000000
  0.0000000000
  0.0000000000
  0.0000000000
  0.0000000000
  0.0000000000
  0.0000000000
  0.0000000000
  0.0000000000
  0.0000000000
  0.0000000000
  0.0000000000
  0.0000000000
  0.0000000000
  0.0000000000
  0.0000000000
  0.0000000000
  0.0000000000
  0.0000000000
  0.0000000000
  0.0000000000
  0.0000000000
  0.0000000000
  0.0000000000
  0.0000000000
  0.0000000000
  0.0000000000
  0.0000000000
  0.0000000000
  0.0000000000
  0.0000000000
  0.0000000000
  0.0000000000
  0.0000000000
  0.0000000000
  0.0000000000
  0.0000000000
  0.0000000000
  0.0000000000
  0.0000000000
  0.0000000000
  0.0000000000
  0.0000000000
  0.0000000000
  0.0000000000
  0.0000000000
  0.0000000000
  0.0000000000
  0.0000000000
  0.0000000000
  0.0000000000
  0.0000000000
  0.0000000000
  0.0000000000
  0.0000000000
  0.0000000000
  0.0000000000
  0.0000000000
  0.0000000000
  0.0000000000
  0.0000000000
  0.0000000000
  0.0000000000
  0.0000000000
  0.0000000000
  0.0000000000
  0.0000000000
  0.0000000000
  0.0000000000
  0.0000000000
  0.0000000000
  0.0000000000
  0.0000000000
  0.0000000000
  0.0000000000
  0.0000000000
  0.0000000000
  0.0000000000
  0.0000000000
  0.0000000000
  0.0000000000
  0.0000000000
  0.0000000000
  0.0000000000
  0.0000000000
  0.0000000000
  0.0000000000
  0.0000000000
  0.0000000000
  0.0000000000
  0.0000000000
  0.0000000000
  0.0000000000
  0.0000000000
  0.0000000000
  0.0000000000
  0.0000000000
  0.0000000000
  0.0000000000
  0.0000000000
  0.0000000000
  0.0000000000
  0.0000000000
  0.0000000000
  0.0000000000
  0.0000000000
  0.0000000000
  0.0000000000
  0.0000000000
  0.0000000000
  0.0000000000
  0.0000000000
  0.0000000000
  0.0000000000
  0.0000000000
  0.0000000000
  0.0000000000
  0.0000000000
  0.0000000000
  0.0000000000
  0.0000000000
  0.0000000000
  0.0000000000
  0.0000000000
  0.0000000000
  0.0000000000
  0.0000000000
  0.0000000000
  0.0000000000
  0.0000000000
  0.0000000000
  0.0000000000
  0.0000000000
  0.0000000000
  0.0000000000
  0.0000000000
  0.0000000000
  0.0000000000
  0.0000000000
  0.0000000000
  0.0000000000
  0.0000000000
  0.0000000000
  0.0000000000
  0.0000000000
  0.0000000000
  0.0000000000
  0.0000000000
  0.0000000000
  0.0000000000
  0.0000000000
  0.0000000000
  0.0000000000
  0.0000000000
  0.0000000000
  0.0000000000
  0.0000000000
  0.0000000000
  0.0000000000
  0.0000000000
  0.0000000000
  0.0000000000
  0.0000000000
  0.0000000000
  0.0000000000
  0.0000000000
  0.0000000000
  0.0000000000
  0.0000000000
  0.0000000000
  0.0000000000
  0.0000000000
  0.0000000000
  0.0000000000
  0.0000000000
  0.0000000000
  0.0000000000
  0.0000000000
  0.0000000000
  0.0000000000
  0.0000000000
  0.0000000000
  0.0000000000
  0.0000000000
  0.0000000000
  0.0000000000
  0.0000000000
  0.0000000000
  0.0000000000
  0.0000000000
  0.0000000000
  0.0000000000
  0.0000000000
  0.0000000000
  0.0000000000
  0.0000000000
  0.0000000000
  0.0000000000
  0.0000000000
  0.0000000000
  0.0000000000
  0.0000000000
  0.0000000000
  0.0000000000
  0.0000000000
  0.0000000000
  0.0000000000
  0.0000000000
  0.0000000000
  0.0000000000
  0.0000000000
  0.0000000000
  0.0000000000
  0.0000000000
  0.0000000000
  0.0000000000
  0.0000000000
  0.0000000000
  0.0000000000
  0.0000000000
  0.0000000000
  0.0000000000
  0.0000000000
  0.0000000000
  0.0000000000
  0.0000000000
  0.0000000000
  0.0000000000
  0.0000000000
  0.0000000000
  0.0000000000
  0.0000000000
  0.0000000000
  0.0000000000
  0.0000000000
  0.0000000000
  0.0000000000
  0.0000000000
  0.0000000000
  0.0000000000
  0.0000000000
  0.0000000000
  0.0000000000
  0.0000000000
  0.0000000000
  0.0000000000
  0.0000000000
  0.0000000000
  0.0000000000
  0.0000000000
  0.0000000000
  0.0000000000
  0.0000000000
  0.0000000000
  0.0000000000
  0.0000000000
  0.0000000000
  0.0000000000
  0.0000000000
  0.0000000000
  0.0000000000
  0.0000000000
  0.0000000000
  0.0000000000
  0.0000000000
  0.0000000000
  0.0000000000
  0.0000000000
  0.0000000000
  0.0000000000
  0.0000000000
  0.0000000000
  0.0000000000
  0.0000000000
  0.0000000000
  0.0000000000
  0.0000000000
  0.0000000000
  0.0000000000
  0.0000000000
  0.0000000000
  0.0000000000
  0.0000000000
  0.0000000000
  0.0000000000
  0.0000000000
  0.0000000000
  0.0000000000
  0.0000000000
  0.0000000000
  0.0000000000
  0.0000000000
  0.0000000000
  0.0000000000
  0.0000000000
  0.0000000000
  0.0000000000
  0.0000000000
  0.0000000000
  0.0000000000
  0.0000000000
  0.0000000000
  0.0000000000
  0.0000000000
  0.0000000000
  0.0000000000
  0.0000000000
  0.0000000000
  0.0000000000
  0.0000000000
  0.0000000000
  0.0000000000
  0.0000000000
  0.0000000000
  0.0000000000
  0.0000000000
  0.0000000000
  0.0000000000
  0.0000000000
  0.0000000000
  0.0000000000
  0.0000000000
  0.0000000000
  0.0000000000
  0.0000000000
  0.0000000000
  0.0000000000
  0.0000000000
  0.0000000000
  0.0000000000
  0.0000000000
  0.0000000000
  0.0000000000
  0.0000000000
  0.0000000000
  0.0000000000
  0.0000000000
  0.0000262256
  0.0024449411
  0.0050806139
  0.0059317538
  0.0000000000
  0.0000000000
  0.0000000000
  0.0000000000
  0.0000000000
  0.0000000000
  0.0000000000
  0.0000000000
  0.0000000000
  0.0000000000
  0.0000000000
  0.0000000000
  0.0000000000
  0.0000000000
  0.0000000000
  0.0000000000
  0.0000000000
  0.0000000000
  0.0000000000
  0.0000000000
  0.0000000000
  0.0000000000
  0.0000000000
  0.0000000000
  0.0000000000
  0.0000000000
  0.0000000000
  0.0029384592
  0.0097392341
  0.0119207272
  0.0119207272
  0.0119207272
  0.0000000000
  0.0000000000
  0.0000000000
  0.0000000000
  0.0000000000
  0.0000000000
  0.0000000000
  0.0000000000
  0.0000000000
  0.0000000000
  0.0000000000
  0.0000000000
  0.0000000000
  0.0000000000
  0.0000000000
  0.0000000000
  0.0000000000
  0.0000000000
  0.0000000000
  0.0000000000
  0.0000000000
  0.0000000000
  0.0000000000
  0.0000000000
  0.0000000000
  0.0000000000
  0.0046776933
  0.0117848309
  0.0119207272
  0.0119207272
  0.0119207272
  0.0119207272
  0.0000000000
  0.0000000000
  0.0000000000
  0.0000000000
  0.0000000000
  0.0000000000
  0.0000000000
  0.0000000000
  0.0000000000
  0.0000000000
  0.0000000000
  0.0000000000
  0.0000000000
  0.0000000000
  0.0000000000
  0.0000000000
  0.0000000000
  0.0000000000
  0.0000000000
  0.0000000000
  0.0000000000
  0.0000000000
  0.0000000000
  0.0000000000
  0.0000000000
  0.0029062733
  0.0117812547
  0.0119207272
  0.0119207272
  0.0119207272
  0.0119207272
  0.0119207272
  0.0000000000
  0.0000000000
  0.0000000000
  0.0000000000
  0.0000000000
  0.0000000000
  0.0000000000
  0.0000000000
  0.0000000000
  0.0000000000
  0.0000000000
  0.0000000000
  0.0000000000
  0.0000000000
  0.0000000000
  0.0000000000
  0.0000000000
  0.0000000000
  0.0000000000
  0.0000000000
  0.0000000000
  0.0000000000
  0.0000000000
  0.0000000000
  0.0000190732
  0.0096832067
  0.0119207272
  0.0119207272
  0.0119207272
  0.0119207272
  0.0119207272
  0.0119207272
  0.0000000000
  0.0000000000
  0.0000000000
  0.0000000000
  0.0000000000
  0.0000000000
  0.0000000000
  0.0000000000
  0.0000000000
  0.0000000000
  0.0000000000
  0.0000000000
  0.0000000000
  0.0000000000
  0.0000000000
  0.0000000000
  0.0000000000
  0.0000000000
  0.0000000000
  0.0000000000
  0.0000000000
  0.0000000000
  0.0000000000
  0.0000000000
  0.0023614961
  0.0119207272
  0.0119207272
  0.0119207272
  0.0119207272
  0.0119207272
  0.0119207272
  0.0119207272
  0.0000000000
  0.0000000000
  0.0000000000
  0.0000000000
  0.0000000000
  0.0000000000
  0.0000000000
  0.0000000000
  0.0000000000
  0.0000000000
  0.0000000000
  0.0000000000
  0.0000000000
  0.0000000000
  0.0000000000
  0.0000000000
  0.0000000000
  0.0000000000
  0.0000000000
  0.0000000000
  0.0000000000
  0.0000000000
  0.0000000000
  0.0000000000
  0.0049792877
  0.0119207272
  0.0119207272
  0.0119207272
  0.0119207272
  0.0119207272
  0.0119207272
  0.0119207272
  0.0000000000
  0.0000000000
  0.0000000000
  0.0000000000
  0.0000000000
  0.0000000000
  0.0000000000
  0.0000000000
  0.0000000000
  0.0000000000
  0.0000000000
  0.0000000000
  0.0000000000
  0.0000000000
  0.0000000000
  0.0000000000
  0.0000000000
  0.0000000000
  0.0000000000
  0.0000000000
  0.0000000000
  0.0000000000
  0.0000000000
  0.0000000000
  0.0058125466
  0.0119207272
  0.0119207272
  0.0119207272
  0.0119207272
  0.0119207272
  0.0119207272
  0.0119207272
  0.0000000000
  0.0000000000
  0.0000000000
  0.0000000000
  0.0000000000
  0.0000000000
  0.0000000000
  0.0000000000
  0.0000000000
  0.0000000000
  0.0000000000
  0.0000000000
  0.0000000000
  0.0000000000
  0.0000000000
  0.0000000000
  0.0000000000
  0.0000000000
  0.0000000000
  0.0000000000
  0.0000000000
  0.0000000000
  0.0000000000
  0.0000000000
  0.0049614066
  0.0119207272
  0.0119207272
  0.0119207272
  0.0119207272
  0.0119207272
  0.0119207272
  0.0119207272
  0.0000000000
  0.0000000000
  0.0000000000
  0.0000000000
  0.0000000000
  0.0000000000
  0.0000000000
  0.0000000000
  0.0000000000
  0.0000000000
  0.0000000000
  0.0000000000
  0.0000000000
  0.0000000000
  0.0000000000
  0.0000000000
  0.0000000000
  0.0000000000
  0.0000000000
  0.0000000000
  0.0000000000
  0.0000000000
  0.0000000000
  0.0000000000
  0.0023257339
  0.0119207272
  0.0119207272
  0.0119207272
  0.0119207272
  0.0119207272
  0.0119207272
  0.0119207272
  0.0000000000
  0.0000000000
  0.0000000000
  0.0000000000
  0.0000000000
  0.0000000000
  0.0000000000
  0.0000000000
  0.0000000000
  0.0000000000
  0.0000000000
  0.0000000000
  0.0000000000
  0.0000000000
  0.0000000000
  0.0000000000
  0.0000000000
  0.0000000000
  0.0000000000
  0.0000000000
  0.0000000000
  0.0000000000
  0.0000000000
  0.0000000000
  0.0000154969
  0.0096307555
  0.0119207272
  0.0119207272
  0.0119207272
  0.0119207272
  0.0119207272
  0.0119207272
  0.0000000000
  0.0000000000
  0.0000000000
  0.0000000000
  0.0000000000
  0.0000000000
  0.0000000000
  0.0000000000
  0.0000000000
  0.0000000000
  0.0000000000
  0.0000000000
  0.0000000000
  0.0000000000
  0.0000000000
  0.0000000000
  0.0000000000
  0.0000000000
  0.0000000000
  0.0000000000
  0.0000000000
  0.0000000000
  0.0000000000
  0.0000000000
  0.0000000000
  0.0028395172
  0.0117645656
  0.0119207272
  0.0119207272
  0.0119207272
  0.0119207272
  0.0119207272
  0.0000000000
  0.0000000000
  0.0000000000
  0.0000000000
  0.0000000000
  0.0000000000
  0.0000000000
  0.0000000000
  0.0000000000
  0.0000000000
  0.0000000000
  0.0000000000
  0.0000000000
  0.0000000000
  0.0000000000
  0.0000000000
  0.0000000000
  0.0000000000
  0.0000000000
  0.0000000000
  0.0000000000
  0.0000000000
  0.0000000000
  0.0000000000
  0.0000000000
  0.0000000000
  0.0045751751
  0.0117645656
  0.0119207272
  0.0119207272
  0.0119207272
  0.0119207272
  0.0000000000
  0.0000000000
  0.0000000000
  0.0000000000
  0.0000000000
  0.0000000000
  0.0000000000
  0.0000000000
  0.0000000000
  0.0000000000
  0.0000000000
  0.0000000000
  0.0000000000
  0.0000000000
  0.0000000000
  0.0000000000
  0.0000000000
  0.0000000000
  0.0000000000
  0.0000000000
  0.0000000000
  0.0000000000
  0.0000000000
  0.0000000000
  0.0000000000
  0.0000000000
  0.0000000000
  0.0028395172
  0.0096307555
  0.0119207272
  0.0119207272
  0.0119207272
  0.0000000000
  0.0000000000
  0.0000000000
  0.0000000000
  0.0000000000
  0.0000000000
  0.0000000000
  0.0000000000
  0.0000000000
  0.0000000000
  0.0000000000
  0.0000000000
  0.0000000000
  0.0000000000
  0.0000000000
  0.0000000000
  0.0000000000
  0.0000000000
  0.0000000000
  0.0000000000
  0.0000000000
  0.0000000000
  0.0000000000
  0.0000000000
  0.0000000000
  0.0000000000
  0.0000000000
  0.0000000000
  0.0000154969
  0.0023257339
  0.0049614066
  0.0058113545
  0.0000000000
  0.0000000000
  0.0000000000
  0.0000000000
  0.0000000000
  0.0000000000
  0.0000000000
  0.0000000000
  0.0000000000
  0.0000000000
  0.0000000000
  0.0000000000
  0.0000000000
  0.0000000000
  0.0000000000
  0.0000000000
  0.0000000000
  0.0000000000
  0.0000000000
  0.0000000000
  0.0000000000
  0.0000000000
  0.0000000000
  0.0000000000
  0.0000000000
  0.0000000000
  0.0000000000
  0.0000000000
  0.0000000000
  0.0000000000
  0.0000000000
  0.0000000000
  0.0000000000
  0.0000000000
  0.0000000000
  0.0000000000
  0.0000000000
  0.0000000000
  0.0000000000
  0.0000000000
  0.0000000000
  0.0000000000
  0.0000000000
  0.0000000000
  0.0000000000
  0.0000000000
  0.0000000000
  0.0000000000
  0.0000000000
  0.0000000000
  0.0000000000
  0.0000000000
  0.0000000000
  0.0000000000
  0.0000000000
  0.0000000000
  0.0000000000
  0.0000000000
  0.0000000000
  0.0000000000
  0.0000000000
  0.0000000000
  0.0000000000
  0.0000000000
  0.0000000000
  0.0000000000
  0.0000000000
  0.0000000000
  0.0000000000
  0.0000000000
  0.0000000000
  0.0000000000
  0.0000000000
  0.0000000000
  0.0000000000
  0.0000000000
  0.0000000000
  0.0000000000
  0.0000000000
  0.0000000000
  0.0000000000
  0.0000000000
  0.0000000000
  0.0000000000
  0.0000000000
  0.0000000000
  0.0000000000
  0.0000000000
  0.0000000000
  0.0000000000
  0.0000000000
  0.0000000000
  0.0000000000
  0.0000000000
  0.0000000000
  0.0000000000
  0.0000000000
  0.0000000000
  0.0000000000
  0.0000000000
  0.0000000000
  0.0000000000
  0.0000000000
  0.0000000000
  0.0000000000
  0.0000000000
  0.0000000000
  0.0000000000
  0.0000000000
  0.0000000000
  0.0000000000
  0.0000000000
  0.0000000000
  0.0000000000
  0.0000000000
  0.0000000000
  0.0000000000
  0.0000000000
  0.0000000000
  0.0000000000
  0.0000000000
  0.0000000000
  0.0000000000
  0.0000000000
  0.0000000000
  0.0000000000
  0.0000000000
  0.0000000000
  0.0000000000
  0.0000000000
  0.0000000000
  0.0000000000
  0.0000000000
  0.0000000000
  0.0000000000
  0.0000000000
  0.0000000000
  0.0000000000
  0.0000000000
  0.0000000000
  0.0000000000
  0.0000000000
  0.0000000000
  0.0000000000
  0.0000000000
  0.0000000000
  0.0000000000
  0.0000000000
  0.0000000000
  0.0000000000
  0.0000000000
  0.0000000000
  0.0000000000
  0.0000000000
  0.0000000000
  0.0000000000
  0.0000000000
  0.0000000000
  0.0000000000
  0.0000000000
  0.0000000000
  0.0000000000
  0.0000000000
  0.0000000000
  0.0000000000
  0.0000000000
  0.0000000000
  0.0000000000
  0.0000000000
  0.0000000000
  0.0000000000
  0.0000000000
  0.0000000000
  0.0000000000
  0.0000000000
  0.0000000000
  0.0000000000
  0.0000000000
  0.0000000000
  0.0000000000
  0.0000000000
  0.0000000000
  0.0000000000
  0.0000000000
  0.0000000000
  0.0000000000
  0.0000000000
  0.0000000000
  0.0000000000
  0.0000000000
  0.0000000000
  0.0000000000
  0.0000000000
  0.0000000000
  0.0000000000
  0.0000000000
  0.0000000000
  0.0000000000
  0.0000000000
  0.0000000000
  0.0000000000
  0.0000000000
  0.0000000000
  0.0000000000
  0.0000000000
  0.0000000000
  0.0000000000
  0.0000000000
  0.0000000000
  0.0000000000
  0.0000000000
  0.0000000000
  0.0000000000
  0.0000000000
  0.0000000000
  0.0000000000
  0.0000000000
  0.0000000000
  0.0000000000
  0.0000000000
  0.0000000000
  0.0000000000
  0.0000000000
  0.0000000000
