0.014356 0.000000
0.014058 0.000000
0.014058 0.000000
0.014001 0.000000
0.013976 0.000000
0.013993 0.000000
0.013889 0.000000
0.013754 0.000000
0.013640 0.000000
0.013582 0.000000
0.014019 0.000000
0.013980 0.000000
0.013942 0.000000
0.013940 0.000000
0.013962 0.000000
0.014011 0.000000
0.014083 0.000000
0.014166 0.000000
0.014279 0.000000
0.014409 0.000000
0.014103 0.000000
0.014234 0.000000
0.014392 0.000000
0.014565 0.000000
0.014680 0.000000
0.014705 0.000000
0.014474 0.000000
0.014280 0.000000
0.014135 0.000000
0.013858 0.000000
0.014878 0.000000
0.014735 0.000000
0.014219 0.000000
0.014171 0.000000
0.014027 0.000000
0.014160 0.000000
0.014172 0.000000
0.014110 0.000000
0.013985 0.000000
0.013851 0.000000
0.013810 0.000000
0.013712 0.000000
0.013698 0.000000
0.013715 0.000000
0.013743 0.000000
0.013776 0.000000
0.013822 0.000000
0.013885 0.000000
0.013965 0.000000
0.014042 0.000000
0.014128 0.000000
0.014232 0.000000
0.014355 0.000000
0.014505 0.000000
0.014546 0.000000
0.014745 0.000000
0.014914 0.000000
0.014970 0.000000
0.014833 0.000000
0.014570 0.000000
0.014194 0.000000
0.013877 0.000000
0.013850 0.000000
0.014906 0.000000
0.014395 0.000000
0.014513 0.000000
0.014767 0.000000
0.014658 0.000000
0.014648 0.000000
0.014499 0.000000
0.014332 0.000000
0.014048 0.000000
0.013906 0.000000
0.013828 0.000000
0.013808 0.000000
0.013814 0.000000
0.013844 0.000000
0.013889 0.000000
0.013944 0.000000
0.014019 0.000000
0.014106 0.000000
0.014190 0.000000
0.014288 0.000000
0.014406 0.000000
0.014539 0.000000
0.014691 0.000000
0.014894 0.000000
0.015087 0.000000
0.015542 0.000000
0.015735 0.000000
0.016168 0.000000
0.015441 0.000000
0.015051 0.000000
0.014802 0.000000
0.013881 0.000000
0.013861 0.000000
0.014647 0.000000
0.014716 0.000000
0.014939 0.000000
0.014988 0.000000
0.015211 0.000000
0.015037 0.000000
0.014629 0.000000
0.014410 0.000000
0.014250 0.000000
0.014134 0.000000
0.014075 0.000000
0.014045 0.000000
0.014059 0.000000
0.014106 0.000000
0.014184 0.000000
0.014269 0.000000
0.014363 0.000000
0.014477 0.000000
0.014606 0.000000
0.014743 0.000000
0.014888 0.000000
0.015082 0.000000
0.015301 0.000000
0.015670 0.000000
0.015936 0.000000
0.016233 0.000000
0.016601 0.000000
0.015731 0.000000
0.015245 0.000000
0.015164 0.000000
0.014218 0.000000
0.014173 0.000000
0.014632 0.000000
0.014659 0.000000
0.014917 0.000000
0.014969 0.000000
0.014882 0.000000
0.014993 0.000000
0.014844 0.000000
0.014586 0.000000
0.014335 0.000000
0.014276 0.000000
0.014179 0.000000
0.014142 0.000000
0.014131 0.000000
0.014149 0.000000
0.014216 0.000000
0.014303 0.000000
0.014405 0.000000
0.014535 0.000000
0.014669 0.000000
0.014779 0.000000
0.014931 0.000000
0.015118 0.000000
0.015402 0.000000
0.015578 0.000000
0.015878 0.000000
0.016320 0.000000
0.016446 0.000000
0.016428 0.000000
0.015654 0.000000
0.015493 0.000000
0.014650 0.000000
0.014386 0.000000
0.014569 0.000000
0.014714 0.000000
0.014858 0.000000
0.014873 0.000000
0.014869 0.000000
0.014896 0.000000
0.014881 0.000000
0.014731 0.000000
0.014539 0.000000
0.014379 0.000000
0.014279 0.000000
0.014224 0.000000
0.014187 0.000000
0.014145 0.000000
0.014143 0.000000
0.014179 0.000000
0.014267 0.000000
0.014353 0.000000
0.014449 0.000000
0.014595 0.000000
0.014761 0.000000
0.014944 0.000000
0.015152 0.000000
0.015267 0.000000
0.015564 0.000000
0.016130 0.000000
0.016423 0.000000
0.016605 0.000000
0.016449 0.000000
0.016213 0.000000
0.014945 0.000000
0.014742 0.000000
0.014572 0.000000
0.014739 0.000000
0.014976 0.000000
0.015002 0.000000
0.014975 0.000000
0.015122 0.000000
0.015197 0.000000
0.014919 0.000000
0.014773 0.000000
0.014599 0.000000
0.014472 0.000000
0.014368 0.000000
0.014331 0.000000
0.014268 0.000000
0.014196 0.000000
0.014163 0.000000
0.014164 0.000000
0.014192 0.000000
0.014259 0.000000
0.014397 0.000000
0.014571 0.000000
0.014713 0.000000
0.014844 0.000000
0.014883 0.000000
0.015089 0.000000
0.015685 0.000000
0.016221 0.000000
0.016571 0.000000
0.016461 0.000000
0.015951 0.000000
0.015155 0.000000
0.014883 0.000000
0.014688 0.000000
0.014944 0.000000
0.015019 0.000000
0.014989 0.000000
0.015010 0.000000
0.015040 0.000000
0.015077 0.000000
0.014972 0.000000
0.014809 0.000000
0.014688 0.000000
0.014609 0.000000
0.014528 0.000000
0.014504 0.000000
0.014418 0.000000
0.014352 0.000000
0.014253 0.000000
0.014170 0.000000
0.014136 0.000000
0.014159 0.000000
0.014251 0.000000
0.014367 0.000000
0.014467 0.000000
0.014535 0.000000
0.014481 0.000000
0.014605 0.000000
0.015191 0.000000
0.015834 0.000000
0.016191 0.000000
0.016276 0.000000
0.015856 0.000000
0.015168 0.000000
0.014929 0.000000
0.014707 0.000000
0.014857 0.000000
0.015063 0.000000
0.015095 0.000000
0.015058 0.000000
0.015047 0.000000
0.015052 0.000000
0.014949 0.000000
0.014782 0.000000
0.014688 0.000000
0.014638 0.000000
0.014650 0.000000
0.014658 0.000000
0.014679 0.000000
0.014578 0.000000
0.014386 0.000000
0.014210 0.000000
0.014182 0.000000
0.014179 0.000000
0.014112 0.000000
0.014201 0.000000
0.014307 0.000000
0.014283 0.000000
0.014175 0.000000
0.014334 0.000000
0.014849 0.000000
0.015399 0.000000
0.015845 0.000000
0.015999 0.000000
0.015424 0.000000
0.015072 0.000000
0.014867 0.000000
0.014722 0.000000
0.014970 0.000000
0.015048 0.000000
0.014985 0.000000
0.014981 0.000000
0.015013 0.000000
0.015150 0.000000
0.014957 0.000000
0.014826 0.000000
0.014675 0.000000
0.014664 0.000000
0.014700 0.000000
0.014810 0.000000
0.014879 0.000000
0.014866 0.000000
0.014671 0.000000
0.014411 0.000000
0.014229 0.000000
0.014187 0.000000
0.014201 0.000000
0.014225 0.000000
0.014213 0.000000
0.014090 0.000000
0.013962 0.000000
0.014171 0.000000
0.014574 0.000000
0.015073 0.000000
0.015590 0.000000
0.015686 0.000000
0.015220 0.000000
0.014917 0.000000
0.014763 0.000000
0.014850 0.000000
0.014922 0.000000
0.015048 0.000000
0.015068 0.000000
0.015006 0.000000
0.015050 0.000000
0.015030 0.000000
0.014867 0.000000
0.014821 0.000000
0.014790 0.000000
0.014688 0.000000
0.014750 0.000000
0.014853 0.000000
0.014975 0.000000
0.015025 0.000000
0.014892 0.000000
0.014603 0.000000
0.014424 0.000000
0.014415 0.000000
0.014452 0.000000
0.014437 0.000000
0.014309 0.000000
0.014007 0.000000
0.013768 0.000000
0.013927 0.000000
0.014273 0.000000
0.014782 0.000000
0.015477 0.000000
0.015543 0.000000
0.015082 0.000000
0.014871 0.000000
0.014675 0.000000
0.014877 0.000000
0.015168 0.000000
0.015058 0.000000
0.015012 0.000000
0.015030 0.000000
0.015001 0.000000
0.015075 0.000000
0.014912 0.000000
0.014849 0.000000
0.014849 0.000000
0.014840 0.000000
0.014743 0.000000
0.014758 0.000000
0.014980 0.000000
0.014990 0.000000
0.015041 0.000000
0.014743 0.000000
0.014660 0.000000
0.014676 0.000000
0.014776 0.000000
0.014710 0.000000
0.014503 0.000000
0.014044 0.000000
0.013609 0.000000
0.013583 0.000000
0.014046 0.000000
0.014661 0.000000
0.015358 0.000000
0.015398 0.000000
0.015050 0.000000
0.014839 0.000000
0.014601 0.000000
0.014986 0.000000
0.015118 0.000000
0.015112 0.000000
0.014988 0.000000
0.014836 0.000000
0.014805 0.000000
0.015029 0.000000
0.014922 0.000000
0.014842 0.000000
0.014859 0.000000
0.014927 0.000000
0.014932 0.000000
0.014677 0.000000
0.014695 0.000000
0.014942 0.000000
0.015055 0.000000
0.014726 0.000000
0.014644 0.000000
0.014944 0.000000
0.015285 0.000000
0.015137 0.000000
0.014622 0.000000
0.013997 0.000000
0.013358 0.000000
0.013114 0.000000
0.013889 0.000000
0.014574 0.000000
0.015250 0.000000
0.015362 0.000000
0.015069 0.000000
0.014851 0.000000
0.014527 0.000000
0.014888 0.000000
0.014880 0.000000
0.014915 0.000000
0.014871 0.000000
0.014745 0.000000
0.014819 0.000000
0.015101 0.000000
0.014842 0.000000
0.014795 0.000000
0.014916 0.000000
0.015070 0.000000
0.014972 0.000000
0.014612 0.000000
0.014512 0.000000
0.014604 0.000000
0.014984 0.000000
0.014924 0.000000
0.014674 0.000000
0.015276 0.000000
0.015199 0.000000
0.015171 0.000000
0.015018 0.000000
0.013799 0.000000
0.012959 0.000000
0.012772 0.000000
0.013799 0.000000
0.014601 0.000000
0.015223 0.000000
0.015383 0.000000
0.015065 0.000000
0.014817 0.000000
0.014455 0.000000
0.014815 0.000000
0.014731 0.000000
0.014697 0.000000
0.014678 0.000000
0.014794 0.000000
0.015037 0.000000
0.015321 0.000000
0.014952 0.000000
0.014887 0.000000
0.014966 0.000000
0.015054 0.000000
0.014915 0.000000
0.014684 0.000000
0.014818 0.000000
0.014626 0.000000
0.014706 0.000000
0.014823 0.000000
0.014914 0.000000
0.015320 0.000000
0.015322 0.000000
0.015275 0.000000
0.014914 0.000000
0.013441 0.000000
0.012644 0.000000
0.012649 0.000000
0.013825 0.000000
0.014706 0.000000
0.015291 0.000000
0.015411 0.000000
0.014994 0.000000
0.014715 0.000000
0.014701 0.000000
0.014841 0.000000
0.014953 0.000000
0.014718 0.000000
0.014658 0.000000
0.014556 0.000000
0.014889 0.000000
0.015192 0.000000
0.014832 0.000000
0.014848 0.000000
0.014868 0.000000
0.015007 0.000000
0.014825 0.000000
0.014737 0.000000
0.014977 0.000000
0.014753 0.000000
0.014552 0.000000
0.014755 0.000000
0.014888 0.000000
0.014876 0.000000
0.015101 0.000000
0.014875 0.000000
0.014284 0.000000
0.012766 0.000000
0.012513 0.000000
0.012843 0.000000
0.014006 0.000000
0.014896 0.000000
0.015463 0.000000
0.015424 0.000000
0.014852 0.000000
0.014581 0.000000
0.014707 0.000000
0.014720 0.000000
0.015055 0.000000
0.014605 0.000000
0.014020 0.000000
0.013983 0.000000
0.014434 0.000000
0.014902 0.000000
0.014702 0.000000
0.014865 0.000000
0.014951 0.000000
0.015066 0.000000
0.014937 0.000000
0.014839 0.000000
0.014991 0.000000
0.014710 0.000000
0.014447 0.000000
0.014498 0.000000
0.014488 0.000000
0.014235 0.000000
0.013624 0.000000
0.012737 0.000000
0.013091 0.000000
0.011485 0.000000
0.012425 0.000000
0.013316 0.000000
0.014355 0.000000
0.015195 0.000000
0.015604 0.000000
0.015378 0.000000
0.014739 0.000000
0.014457 0.000000
0.014768 0.000000
0.014217 0.000000
0.014278 0.000000
0.012504 0.000000
0.008976 0.000000
0.007929 0.000000
0.009343 0.000000
0.012952 0.000000
0.014138 0.000000
0.014709 0.000000
0.015010 0.000000
0.015504 0.000000
0.015948 0.000000
0.016182 0.000000
0.016120 0.000000
0.015399 0.000000
0.014625 0.000000
0.014274 0.000000
0.013537 0.000000
0.012108 0.000000
0.008618 0.000000
0.006893 0.000000
0.006284 0.000000
0.008585 0.000000
0.011989 0.000000
0.013914 0.000000
0.014861 0.000000
0.015534 0.000000
0.015690 0.000000
0.015293 0.000000
0.014613 0.000000
0.014344 0.000000
0.014847 0.000000
0.012775 0.000000
0.012520 0.000000
0.005242 0.000000
-0.003609 0.000000
-0.007575 0.000000
-0.003296 0.000000
0.005771 0.000000
0.012787 0.000000
0.014713 0.000000
0.015522 0.000000
0.016740 0.000000
0.018117 0.000000
0.018783 0.000000
0.018223 0.000000
0.016811 0.000000
0.015606 0.000000
0.014514 0.000000
0.012041 0.000000
0.005068 0.000000
-0.003339 0.000000
-0.008349 0.000000
-0.004644 0.000000
0.005288 0.000000
0.010758 0.000000
0.014442 0.000000
0.015352 0.000000
0.015823 0.000000
0.015717 0.000000
0.015203 0.000000
0.014501 0.000000
0.014253 0.000000
0.014821 0.000000
0.011171 0.000000
0.008945 0.000000
-0.003553 0.000000
-0.015518 0.000000
-0.019867 0.000000
-0.015617 0.000000
-0.003532 0.000000
0.009084 0.000000
0.014409 0.000000
0.015918 0.000000
0.018067 0.000000
0.020626 0.000000
0.021801 0.000000
0.020618 0.000000
0.018215 0.000000
0.016317 0.000000
0.014627 0.000000
0.009275 0.000000
-0.002703 0.000000
-0.013660 0.000000
-0.017190 0.000000
-0.010180 0.000000
0.001702 0.000000
0.009416 0.000000
0.014445 0.000000
0.016245 0.000000
0.015850 0.000000
0.015681 0.000000
0.015159 0.000000
0.014413 0.000000
0.014189 0.000000
0.013889 0.000000
0.010463 0.000000
0.008568 0.000000
-0.007032 0.000000
-0.019308 0.000000
-0.024249 0.000000
-0.019703 0.000000
-0.009173 0.000000
0.008015 0.000000
0.014407 0.000000
0.016210 0.000000
0.018732 0.000000
0.021833 0.000000
0.023288 0.000000
0.021776 0.000000
0.018808 0.000000
0.016371 0.000000
0.014347 0.000000
0.007962 0.000000
-0.006808 0.000000
-0.017053 0.000000
-0.019503 0.000000
-0.011331 0.000000
0.000353 0.000000
0.008205 0.000000
0.013398 0.000000
0.015545 0.000000
0.015840 0.000000
0.015455 0.000000
0.015088 0.000000
0.014350 0.000000
0.014159 0.000000
0.013960 0.000000
0.011433 0.000000
0.009822 0.000000
-0.003068 0.000000
-0.015310 0.000000
-0.019608 0.000000
-0.016851 0.000000
-0.005646 0.000000
0.009183 0.000000
0.014852 0.000000
0.016083 0.000000
0.018097 0.000000
0.020624 0.000000
0.021931 0.000000
0.020754 0.000000
0.018406 0.000000
0.016493 0.000000
0.015018 0.000000
0.009431 0.000000
-0.002471 0.000000
-0.012761 0.000000
-0.015269 0.000000
-0.009646 0.000000
0.000088 0.000000
0.007323 0.000000
0.011806 0.000000
0.014021 0.000000
0.014775 0.000000
0.014842 0.000000
0.014773 0.000000
0.014272 0.000000
0.014160 0.000000
0.014081 0.000000
0.013103 0.000000
0.013145 0.000000
0.005734 0.000000
-0.003315 0.000000
-0.007499 0.000000
-0.005514 0.000000
0.008094 0.000000
0.012684 0.000000
0.014741 0.000000
0.015467 0.000000
0.016571 0.000000
0.017906 0.000000
0.018688 0.000000
0.018034 0.000000
0.016779 0.000000
0.015839 0.000000
0.015110 0.000000
0.012765 0.000000
0.006127 0.000000
-0.002146 0.000000
-0.006527 0.000000
-0.002278 0.000000
0.002836 0.000000
0.007718 0.000000
0.011025 0.000000
0.012591 0.000000
0.013504 0.000000
0.014374 0.000000
0.014344 0.000000
0.014116 0.000000
0.014287 0.000000
0.014290 0.000000
0.014186 0.000000
0.014196 0.000000
0.012641 0.000000
0.009097 0.000000
0.009756 0.000000
0.009192 0.000000
0.013182 0.000000
0.013919 0.000000
0.014639 0.000000
0.014860 0.000000
0.015277 0.000000
0.015719 0.000000
0.016042 0.000000
0.015756 0.000000
0.015336 0.000000
0.014972 0.000000
0.014746 0.000000
0.013816 0.000000
0.012589 0.000000
0.009232 0.000000
0.007092 0.000000
0.007402 0.000000
0.009093 0.000000
0.009900 0.000000
0.011170 0.000000
0.011902 0.000000
0.012774 0.000000
0.013754 0.000000
0.014106 0.000000
0.013912 0.000000
0.014307 0.000000
0.014023 0.000000
0.014516 0.000000
0.014688 0.000000
0.014557 0.000000
0.014524 0.000000
0.014347 0.000000
0.014720 0.000000
0.014982 0.000000
0.014724 0.000000
0.015180 0.000000
0.014906 0.000000
0.014701 0.000000
0.014519 0.000000
0.014502 0.000000
0.014552 0.000000
0.014800 0.000000
0.014851 0.000000
0.014966 0.000000
0.014640 0.000000
0.014567 0.000000
0.014196 0.000000
0.013370 0.000000
0.013404 0.000000
0.013963 0.000000
0.012674 0.000000
0.012175 0.000000
0.011704 0.000000
0.011912 0.000000
0.012187 0.000000
0.012386 0.000000
0.013371 0.000000
0.012685 0.000000
0.012240 0.000000
0.014712 0.000000
0.015028 0.000000
0.015418 0.000000
0.015868 0.000000
0.016180 0.000000
0.015876 0.000000
0.015388 0.000000
0.014813 0.000000
0.014943 0.000000
0.014261 0.000000
0.012744 0.000000
0.009294 0.000000
0.010097 0.000000
0.010688 0.000000
0.012856 0.000000
0.014274 0.000000
0.014825 0.000000
0.014840 0.000000
0.015153 0.000000
0.015392 0.000000
0.015078 0.000000
0.016040 0.000000
0.015939 0.000000
0.014029 0.000000
0.013214 0.000000
0.011742 0.000000
0.011070 0.000000
0.011104 0.000000
0.009160 0.000000
0.008838 0.000000
0.009314 0.000000
0.009550 0.000000
0.014960 0.000000
0.015261 0.000000
0.016416 0.000000
0.017834 0.000000
0.018566 0.000000
0.017929 0.000000
0.016406 0.000000
0.015306 0.000000
0.014867 0.000000
0.013222 0.000000
0.007739 0.000000
-0.003522 0.000000
-0.009230 0.000000
-0.005875 0.000000
0.005536 0.000000
0.012794 0.000000
0.014738 0.000000
0.015415 0.000000
0.016195 0.000000
0.017424 0.000000
0.017765 0.000000
0.018282 0.000000
0.017499 0.000000
0.014776 0.000000
0.013155 0.000000
0.008862 0.000000
0.003566 0.000000
-0.000525 0.000000
-0.003433 0.000000
0.000675 0.000000
0.005361 0.000000
0.006295 0.000000
0.015220 0.000000
0.015675 0.000000
0.017757 0.000000
0.020322 0.000000
0.021549 0.000000
0.020405 0.000000
0.017943 0.000000
0.015636 0.000000
0.014580 0.000000
0.010534 0.000000
-0.003541 0.000000
-0.016912 0.000000
-0.021381 0.000000
-0.015599 0.000000
-0.003427 0.000000
0.009235 0.000000
0.014404 0.000000
0.015937 0.000000
0.017214 0.000000
0.019938 0.000000
0.021047 0.000000
0.020431 0.000000
0.018590 0.000000
0.015002 0.000000
0.012197 0.000000
0.004610 0.000000
-0.003133 0.000000
-0.010237 0.000000
-0.013919 0.000000
-0.009070 0.000000
0.002046 0.000000
0.004793 0.000000
0.015247 0.000000
0.016182 0.000000
0.018618 0.000000
0.021540 0.000000
0.023108 0.000000
0.021614 0.000000
0.018663 0.000000
0.016050 0.000000
0.014261 0.000000
0.008056 0.000000
-0.007425 0.000000
-0.019487 0.000000
-0.024001 0.000000
-0.019569 0.000000
-0.007327 0.000000
0.008237 0.000000
0.014347 0.000000
0.016201 0.000000
0.017958 0.000000
0.021586 0.000000
0.022986 0.000000
0.021379 0.000000
0.018788 0.000000
0.014973 0.000000
0.011563 0.000000
0.004281 0.000000
-0.005349 0.000000
-0.013446 0.000000
-0.016292 0.000000
-0.010442 0.000000
-0.000239 0.000000
0.002639 0.000000
0.015006 0.000000
0.015902 0.000000
0.018012 0.000000
0.020377 0.000000
0.021378 0.000000
0.020272 0.000000
0.017827 0.000000
0.015752 0.000000
0.014296 0.000000
0.009178 0.000000
-0.003387 0.000000
-0.015052 0.000000
-0.019131 0.000000
-0.015073 0.000000
-0.003491 0.000000
0.009063 0.000000
0.014038 0.000000
0.015713 0.000000
0.017370 0.000000
0.020327 0.000000
0.021279 0.000000
0.019765 0.000000
0.017626 0.000000
0.015283 0.000000
0.012535 0.000000
0.008142 0.000000
0.000296 0.000000
-0.008040 0.000000
-0.011967 0.000000
-0.004594 0.000000
0.001178 0.000000
0.001636 0.000000
0.015188 0.000000
0.014958 0.000000
0.016600 0.000000
0.017859 0.000000
0.018111 0.000000
0.017569 0.000000
0.016244 0.000000
0.015063 0.000000
0.014525 0.000000
0.012606 0.000000
0.005818 0.000000
-0.003064 0.000000
-0.006503 0.000000
-0.002808 0.000000
0.005368 0.000000
0.012070 0.000000
0.013947 0.000000
0.014925 0.000000
0.015917 0.000000
0.017545 0.000000
0.017983 0.000000
0.017142 0.000000
0.015764 0.000000
0.014260 0.000000
0.012547 0.000000
0.009479 0.000000
0.004719 0.000000
0.000980 0.000000
-0.001304 0.000000
0.000098 0.000000
0.001973 0.000000
0.002550 0.000000
0.015457 0.000000
0.015475 0.000000
0.015756 0.000000
0.016626 0.000000
0.016975 0.000000
0.016485 0.000000
0.015701 0.000000
0.014941 0.000000
0.014162 0.000000
0.011925 0.000000
0.007466 0.000000
0.003306 0.000000
0.001345 0.000000
0.003194 0.000000
0.007354 0.000000
0.011554 0.000000
0.013762 0.000000
0.014564 0.000000
0.015529 0.000000
0.016342 0.000000
0.016368 0.000000
0.016373 0.000000
0.015437 0.000000
0.014149 0.000000
0.012493 0.000000
0.009829 0.000000
0.006017 0.000000
0.003725 0.000000
0.001720 0.000000
0.001436 0.000000
0.002559 0.000000
0.002915 0.000000
